AR 0 127.697 3.462 0.0 1.609 2.0
N2 1 97.839 3.61 0.0 1.756 4.0
H2 1 304.69 2.19 0.0 0.775 280.0
H 0 541.672 1.53 0.0 0.666 0.0
O2 1 676.424 3.069 0.0 1.487 3.8
HE 0 11.442 2.715 0.0 0.204 2.0
O 0 235.686 2.485 0.0 0.744 0.0
H2O 2 637.056 2.943 1.851 1.407 4.0
OH 1 514.598 2.582 1.635 1.077 0.0
OHV 1 80.0 2.75 0.0 0.0 0.0
H2O2 2 1361.148 3.179 1.702 2.239 3.8
HO2 2 963.003 3.129 2.146 1.959 3.8
HOCO 2 498.0 3.59 0.0 0.0 2.0
CO 1 98.1 3.65 0.0 1.95 1.8
CO2 1 244.0 3.763 0.0 2.65 2.1
CH3O2H 2 481.8 3.626 0.0 0.0 1.0
CH3O2 2 481.8 3.626 0.0 0.0 1.0
CH2O2H 2 238.4 3.496 0.0 0.0 1.5
CH4 2 141.4 3.746 0.0 2.6 13.0
CH3 1 144.0 3.8 0.0 0.0 0.0
CH2 1 144.0 3.8 0.0 0.0 0.0
CH2(S) 1 144.0 3.8 0.0 0.0 0.0
C 0 71.4 3.298 0.0 0.0 0.0
CH 1 80.0 2.75 0.0 0.0 0.0
CHV 1 80.0 2.75 0.0 0.0 0.0
CH3OH 2 481.8 3.626 0.0 0.0 1.0
CH3O 2 417.0 3.69 1.7 0.0 2.0
CH2OH 2 417.0 3.69 1.7 0.0 2.0
HO2CHO 2 436.0 3.97 0.0 0.0 2.0
HOCH2O 2 470.6 4.41 0.0 0.0 1.5
O2CHO 2 436.0 3.97 0.0 0.0 2.0
HOCHO 2 436.0 3.97 0.0 0.0 2.0
OCHO 2 498.0 3.59 0.0 0.0 2.0
CH2O 2 498.0 3.59 0.0 0.0 2.0
HCO 2 498.0 3.59 0.0 0.0 0.0
HCOH 2 498.0 3.59 0.0 0.0 1.0
C2H5O2H 2 470.6 4.41 0.0 0.0 1.5
C2H5O2 2 470.6 4.41 0.0 0.0 1.5
C2H6 2 247.5 4.35 0.0 0.0 1.5
C2H5 2 247.5 4.35 0.0 0.0 1.5
CHOCHO 1 440.2 4.01 0.0 0.0 2.0
C2H3OO 2 436.0 3.97 0.0 0.0 2.0
CHCHO 2 436.0 3.97 0.0 0.0 2.0
C2H4 2 238.4 3.496 0.0 0.0 1.5
C2H3 2 265.3 3.721 0.0 0.0 1.0
C2O 1 232.4 3.828 0.0 0.0 1.0
C2H2 1 265.3 3.721 0.0 0.0 2.5
C2H 1 265.3 3.721 0.0 0.0 2.5
H2CC 2 209.0 4.1 0.0 0.0 2.5
C2 1 97.53 3.621 0.0 1.76 4.0
O2C2H4OH 2 523.2 5.664 1.7 0.0 1.0
C2H4O2H 2 470.6 4.41 0.0 0.0 1.5
C2H4O1-2 2 436.0 3.97 0.0 0.0 2.0
C2H3O1-2 2 436.0 3.97 0.0 0.0 2.0
C2H5OH 2 470.6 4.41 0.0 0.0 1.5
C2H5O 2 470.6 4.41 0.0 0.0 1.5
PC2H4OH 2 470.6 4.41 0.0 0.0 1.5
SC2H4OH 2 470.6 4.41 0.0 0.0 1.5
O2CH2CHO 2 275.049 5.428 0.0 0.0 1.0
HO2CH2CO 2 279.007 5.505 1.3 0.0 1.0
CH2CO2 2 899.0 5.64 0.0 0.0 0.0
CH3CHOHOJ 2 470.3 4.6 0.0 0.0 1.0
CH3CHO 2 436.0 3.97 0.0 0.0 2.0
CH3CO 2 436.0 3.97 0.0 0.0 2.0
CH2CHO 2 436.0 3.97 0.0 0.0 2.0
C2H3OH 2 470.6 4.41 0.0 0.0 1.5
C2H2OH 2 224.7 4.162 0.0 0.0 1.0
SC2H2OH 2 436.0 3.97 0.0 0.0 2.0
CH2CO 2 436.0 3.97 0.0 0.0 2.0
HCCO 2 150.0 2.5 0.0 0.0 1.0
HCCOH 2 436.0 3.97 0.0 0.0 2.0
CH2COOH 2 784.947 4.04 1.3 0.0 1.0
CH3CCO 2 749.596 5.14 0.0 0.0 0.0
CH3COH 2 470.6 4.41 0.0 0.0 1.5
CH3CO3H 2 436.0 3.97 0.0 0.0 2.0
CH3CO3 2 436.0 3.97 0.0 0.0 2.0
CH3CO2 2 436.0 3.97 0.0 0.0 2.0
CH3CCHO 2 313.367 5.35 0.0 0.0 0.0
CH2CCO 2 419.557 4.557 0.0 0.0 1.0
NC3H7O2H 2 481.5 4.997 1.7 0.0 1.0
NC3H7O2 2 481.5 4.997 1.7 0.0 1.0
C3H6OOH1-2 2 435.2 4.662 2.7 0.0 1.0
C3H6OOH1-3 2 435.2 4.662 2.7 0.0 1.0
C3H6OOH2-1 2 435.2 4.662 2.7 0.0 1.0
C3H6OOH1-3O2 2 435.2 4.662 2.7 0.0 1.0
C3KET12 2 464.2 5.009 2.6 0.0 1.0
C3KET13 2 464.2 5.009 2.6 0.0 1.0
C3H6O1-2 2 403.6 4.968 2.0 0.0 1.0
C3H6O1-3 2 403.6 4.968 2.0 0.0 1.0
SC3H5OO 2 481.5 4.997 1.7 0.0 1.0
TC3H5OO 2 481.5 4.997 1.7 0.0 1.0
CH3COCHO 2 301.658 5.31 0.0 0.0 1.0
CH2CHOCHO 2 322.943 5.25 0.0 0.0 0.0
OCHCH2CH2O 2 459.9 5.0 0.0 0.0 1.0
CH2CHOCO 2 395.0 4.037 1.3 0.0 1.0
C3H8 2 303.4 4.81 0.0 0.0 1.0
IC3H7 2 303.4 4.81 0.0 0.0 1.0
NC3H7 2 303.4 4.81 0.0 0.0 1.0
CH3CHCHO 2 387.86 4.687 0.0 0.0 0.0
CH3CHCO 2 443.2 4.12 0.0 0.0 1.0
C3H5O 2 411.0 4.82 0.0 0.0 1.0
CH2CHOCH2 2 411.0 4.82 0.0 0.0 1.0
AC4H7OOH 2 330.435 5.741 0.0 0.0 1.0
AC3H5OOH 2 481.5 4.997 1.7 0.0 1.0
C3H6 2 307.8 4.14 0.0 0.0 1.0
C3H5-A 2 316.0 4.22 0.0 0.0 1.0
C3H5-S 2 316.0 4.22 0.0 0.0 1.0
C3H5-T 2 316.0 4.22 0.0 0.0 1.0
CC3H6 2 307.8 4.14 0.0 0.0 1.0
CC3H5 2 362.5 4.4 0.0 0.0 1.0
SC3H4OH 2 298.893 5.345 0.0 0.0 1.0
C3H3O 2 301.263 5.055 0.0 0.0 1.0
C2HCHO 2 343.033 4.884 0.0 0.0 1.0
CH2CHCH2OO 2 481.5 4.997 1.7 0.0 1.0
C3H4-P 1 324.8 4.29 0.0 0.0 1.0
C3H4-A 1 324.8 4.29 0.0 0.0 1.0
C3H3 1 324.8 4.29 0.0 0.0 1.0
CC3H4 1 252.0 4.76 0.0 0.0 1.0
C3H2 2 209.0 4.1 0.0 0.0 1.0
H2CCC(S) 2 265.3 3.721 0.0 0.0 1.0
C3H2(S) 2 209.0 4.1 0.0 0.0 1.0
C3H2C 1 290.616 4.368 0.0 0.0 1.0
TQC3H5OHI 2 464.2 5.009 2.6 0.0 1.0
C3H4OH1KT2-3 2 1067.06 6.94 0.0 0.0 0.0
CHOCOHCH3 2 481.5 4.997 1.7 0.0 1.0
HO2CH2CHO 2 275.049 5.428 0.0 0.0 1.0
CJCYCCO 2 411.0 4.82 0.0 0.0 1.0
CCYCCJO 2 411.0 4.82 0.0 0.0 1.0
CH3OCHCH2 2 435.2 4.662 2.7 0.0 1.0
C3H6OH1-1 2 481.5 4.997 1.7 0.0 1.0
NC3H7O 2 481.5 4.997 1.7 0.0 1.0
C3H5OH 2 481.5 4.997 1.7 0.0 1.0
SC3H5OH 2 304.276 5.45 0.0 0.0 1.0
CH2CCH2OH 2 481.5 4.997 1.7 0.0 1.0
C3H6OH2-1 2 487.9 4.82 0.0 0.0 1.0
IC3H5OH 2 459.5 5.036 1.7 0.0 1.0
CH3COCH2O2 2 502.115 5.429 0.0 0.0 0.0
CH3COCH2O 2 447.639 5.086 0.0 0.0 0.0
C3KET21 2 464.2 5.009 2.6 0.0 1.0
CH3COCH2 2 435.5 4.86 0.0 0.0 1.0
C2H3CHO 2 428.8 4.958 2.9 0.0 1.0
C2H3CO 2 443.2 4.12 0.0 0.0 1.0
CH2OHCHCHO 2 459.9 5.0 0.0 0.0 1.0
CH2OHCH(OO)CHO 2 548.6 5.2 0.0 0.0 1.0
CH2OHCH(OOH)CO 2 548.6 5.2 0.0 0.0 1.0
QCH3CHCO3H 2 902.59 6.08 0.0 0.0 0.0
CH3CH(OO)CHO 2 925.889 6.28 0.0 0.0 0.0
QCH3CH(OOH)CO 2 925.889 6.28 0.0 0.0 0.0
O2CH2CH2CHO 2 920.803 6.25 0.0 0.0 0.0
QHO2CH2CH2CO 2 920.803 6.25 0.0 0.0 0.0
CYC2H3OCHO 2 920.803 6.25 0.0 0.0 0.0
C2H5CHO 2 435.2 4.662 2.7 0.0 1.0
C2H5CO 2 424.6 4.82 0.0 0.0 1.0
CH2CH2CHO 2 424.6 4.82 0.0 0.0 1.0
CH2CHCHOH 2 414.8 4.8 0.0 0.0 1.0
PC4H9O2 2 496.0 5.2 0.0 0.0 1.0
C4H8OOH1-2 2 496.0 5.2 0.0 0.0 1.0
C4H8OOH1-3 2 496.0 5.2 0.0 0.0 1.0
C4H8O1-2 2 496.0 5.2 0.0 0.0 1.0
C4H72-1OOH 2 496.0 5.2 0.0 0.0 1.0
NC4KET12 2 476.0 5.778 2.6 0.0 1.0
NC4KET21 2 476.0 5.778 2.6 0.0 1.0
C4H71-3OOH 2 496.0 5.2 0.0 0.0 1.0
C4H71-O 2 496.0 5.2 0.0 0.0 1.0
C4H10 2 350.9 5.206 0.0 0.0 1.0
PC4H9 2 352.0 5.24 0.0 0.0 1.0
SC4H9 2 352.0 5.24 0.0 0.0 1.0
TC3H6CHO 2 436.4 5.352 0.0 0.0 1.0
IC3H5CHO 2 436.4 5.352 0.0 0.0 1.0
IC3H6CO 2 436.4 5.352 0.0 0.0 1.0
IC3H5CO 2 436.4 5.352 0.0 0.0 1.0
IC3H4CHO-A 2 436.4 5.352 0.0 0.0 1.0
CCYCCO-T1 2 411.0 4.82 0.0 0.0 1.0
C4H5-2C2H 2 468.5 5.23 0.0 10.3 1.0
IC4H8 2 344.5 5.089 0.5 0.0 1.0
IC4H7 2 355.0 4.65 0.0 0.0 1.0
SC3H5CHO 2 464.2 5.009 2.6 0.0 1.0
SC3H5CO 2 464.2 5.009 2.6 0.0 1.0
C4H7O2-1 2 436.4 5.352 0.0 0.0 1.0
C4H71-1O2 2 436.4 5.352 0.0 0.0 1.0
C4H71-2O2 2 436.4 5.352 0.0 0.0 1.0
C4H71-3O2 2 436.4 5.352 0.0 0.0 1.0
C4H72-1O2 2 436.4 5.352 0.0 0.0 1.0
C4H71-4O2 2 436.4 5.352 0.0 0.0 1.0
C4H72OO1-3 2 444.5 5.0 0.0 0.0 1.0
C4H71OO2-3 2 430.1 5.1 0.0 0.0 1.0
C4H7O2-3O-1 2 467.2 5.1 0.0 0.0 1.0
C4H7O1-2O-3 2 474.3 5.1 0.0 0.0 1.0
C4H71OO2-4 2 444.5 5.0 0.0 0.0 1.0
C4H7O1-2O-4 2 471.4 5.1 0.0 0.0 1.0
C4H61KET43O 2 394.846 7.972 0.0 8.35 1.0
C4H61-3OOH4 2 436.4 5.352 0.0 0.0 1.0
C4H8-1 2 355.0 4.65 0.0 0.0 1.0
C4H71-1 2 357.1 4.72 0.0 0.0 1.0
C4H71-2 2 357.1 4.72 0.0 0.0 1.0
C4H71-3 2 357.1 4.72 0.0 0.0 1.0
C4H71-4 2 357.1 4.72 0.0 0.0 1.0
C4H6-1 2 357.0 4.72 0.0 0.0 1.0
C4H5-3 2 357.0 5.18 0.0 0.0 1.0
C4H5-4 2 357.0 5.18 0.0 0.0 1.0
C2HCOCH3 2 418.4 4.9 0.0 0.0 1.0
C2H5CCO 2 458.7 5.0 0.0 0.0 1.0
CH3C3H2O 2 454.1 5.0 0.0 0.0 1.0
C2H5CCHOH 2 442.8 5.2 0.0 0.0 1.0
C2H5CCHO 2 442.8 5.2 0.0 0.0 1.0
C2H5COCH 2 435.3 5.2 0.0 0.0 1.0
C2H5COCHO 2 461.3 5.3 0.0 0.0 1.0
C4H5O1-4 2 434.0 5.0 0.0 0.0 1.0
C4H5-4O2H 2 452.1 5.2 0.0 0.0 1.0
C4H5-4O2 2 452.1 5.2 0.0 0.0 1.0
C4H8-2 2 355.0 4.65 0.0 0.0 1.0
C4H72-2 2 357.1 4.72 0.0 0.0 1.0
CH2COHCHO 2 301.658 5.31 0.0 0.0 1.0
C4H71-3OH 2 436.4 5.352 0.0 0.0 1.0
C4H63,1-3OH 2 496.0 5.2 0.0 0.0 1.0
SC4H8OH-1 2 496.0 5.2 0.0 0.0 1.0
C4H71-1OH 2 436.4 5.352 0.0 0.0 1.0
C4H71-4OH 2 436.4 5.352 0.0 0.0 1.0
C4H72-1OH 2 436.4 5.352 0.0 0.0 1.0
C4H64,2-1OH 2 496.0 5.2 0.0 0.0 1.0
CC5H9OH-A 2 453.2 5.5 0.0 0.0 1.0
CC5H8OHA-B 2 453.2 5.5 0.0 0.0 1.0
CC5H8OHA-BO 2 524.9 5.6 0.0 0.0 1.0
C4H64,1-1OH 2 432.9 5.2 0.0 0.0 1.0
CH2CYC3H4OH 2 445.1 5.0 0.0 0.0 1.0
C4H64,1OH-2O2 2 522.8 5.4 0.0 0.0 1.0
C4H64,OOH2-1O 2 522.8 5.4 0.0 0.0 1.0
C4H54,1OHQ2-1 2 522.8 5.4 0.0 0.0 1.0
C4H5OH1O1-2 2 467.6 5.0 0.0 0.0 1.0
C2H3COCHOH 2 485.2 5.2 0.0 0.0 1.0
C4H63,1-1OH 2 496.0 5.2 0.0 0.0 1.0
C4H5OH-13 2 436.4 5.352 0.0 0.0 1.0
C4H6OHOOH1-4-3 2 476.0 5.778 2.6 0.0 1.0
HOCH2COCH2 2 447.639 5.086 0.0 0.0 0.0
HOCH2CHO 2 395.0 4.037 1.3 0.0 1.0
HOCH2CO 2 436.0 3.97 0.0 0.0 2.0
HOCHCHO 2 436.0 3.97 0.0 0.0 2.0
HOCH2COCH2O 2 404.107 5.569 0.0 7.41 1.0
PC4H8OH-2 2 496.0 5.2 0.0 0.0 1.0
IC3H6OHCHO 2 436.4 5.352 0.0 0.0 1.0
CYHEXDN13 2 459.307 5.772 0.0 0.0 1.0
CYHEXDN14 2 459.307 5.772 0.0 0.0 1.0
C6H8 2 438.849 5.605 0.0 0.0 1.0
CYHEXEN-4J 2 477.077 5.838 0.0 0.0 1.0
CYPENTN-4MJ 2 534.27 5.14 0.0 0.0 1.0
CYPENTN-4M4J 2 446.713 5.922 0.0 0.0 1.0
CYPENTN-4M3J 2 458.249 5.671 0.0 0.0 1.0
CH2CHCHCHO 1 357.0 5.18 0.0 0.0 1.0
C2H3CHOHCH2 2 436.4 5.352 0.0 0.0 1.0
C4H51,3OH2 2 457.513 5.165 0.0 0.0 1.0
C3H4CH2OH-3O 2 436.4 5.352 0.0 0.0 1.0
C2H3COCH2OH 2 496.0 5.2 0.0 0.0 1.0
C2H3CHOHCO 2 394.846 7.972 0.0 8.35 1.0
C3H4CH2OH-1OOH 2 476.0 5.778 2.6 0.0 1.0
C3H4CH2OH-1O 2 436.4 5.352 0.0 0.0 1.0
CHCHCH2OH 2 414.8 4.8 0.0 0.0 1.0
CHOOCHCH2OH 2 512.3 5.0 0.0 0.0 1.0
C2H3CHOCH2 1 357.0 5.18 0.0 0.0 1.0
C4H4O 1 357.0 5.18 0.0 0.0 1.0
C4H6O23 1 357.0 5.18 0.0 0.0 1.0
CPT 2 420.9 5.1 0.0 0.0 1.0
C4H6 2 357.0 4.72 0.0 0.0 1.0
C4H5-I 2 357.0 5.18 0.0 0.0 1.0
C4H5-N 2 357.0 5.18 0.0 0.0 1.0
C4H5-2 2 357.0 5.18 0.0 0.0 1.0
C4H4 2 357.0 5.18 0.0 0.0 1.0
C4H7CHO-3 2 523.2 5.664 1.7 0.0 1.0
C4H6CHO-1,3 2 826.3 5.8 0.0 0.0 0.0
C4H3-I 2 357.0 5.18 0.0 0.0 1.0
C4H3-N 2 357.0 5.18 0.0 0.0 1.0
C4H2 1 357.0 4.72 0.0 0.0 1.0
CH2CHCHCHCCH 2 468.5 5.23 0.0 10.3 1.0
C4H612 2 357.0 5.18 0.0 0.0 1.0
C4H6-2 2 357.0 5.18 0.0 0.0 1.0
H2C4O 2 357.0 5.18 0.0 0.0 1.0
CH2CCOCH3 2 446.6 5.0 0.0 0.0 1.0
C3H6CHO-1O2 2 436.4 5.352 0.0 0.0 1.0
C3H6CHO-2O2 2 436.4 5.352 0.0 0.0 1.0
C3H6CHO-3O2 2 436.4 5.352 0.0 0.0 1.0
C3H6COQ1 2 436.4 5.352 0.0 0.0 1.0
C3H6COQ2 2 436.4 5.352 0.0 0.0 1.0
C3H5CHOQ2-1 2 436.4 5.352 0.0 0.0 1.0
C3H6COQ3 2 436.4 5.352 0.0 0.0 1.0
CH3CYC2H2OCHO 2 458.29 5.221 0.0 0.0 1.0
C3H7CHO 2 464.2 5.009 2.6 0.0 1.0
NC3H7CO 2 464.2 5.009 2.6 0.0 1.0
C3H6CHO-1 2 464.2 5.009 2.6 0.0 1.0
C3H6CHO-2 2 464.2 5.009 2.6 0.0 1.0
C3H6CHO-3 2 464.2 5.009 2.6 0.0 1.0
C2H5COCH2 2 454.0 5.413 3.3 0.0 1.0
CH2CH2COCH3 2 440.584 5.04 0.0 0.0 0.0
CH3CHCOCH3 2 440.584 5.04 0.0 0.0 0.0
C2H3COCH3 2 454.0 5.413 3.3 0.0 1.0
C2H5CHCO 2 436.95 5.016 0.0 0.0 0.0
C5H5CH3-1 2 383.046 5.397 0.0 10.74 1.0
C5H5CH3-2 2 383.046 5.397 0.0 10.74 1.0
C5H5CH2-1 2 380.6 5.377 0.0 10.57 1.0
C5H5CH2-2 2 380.6 5.377 0.0 10.57 1.0
CYC6H7 2 380.6 5.377 0.0 10.57 1.0
C6H7-2 2 380.6 5.377 0.0 10.57 1.0
C5H4CH3 2 380.6 5.377 0.0 10.57 1.0
C5H5CH2 2 380.6 5.377 0.0 10.57 1.0
C5H10O1-2 2 523.2 5.664 1.7 0.0 1.0
C5H91-3OOH 2 523.2 5.664 1.7 0.0 1.0
C5H92-1OOH 2 523.2 5.664 1.7 0.0 1.0
NC5KET12 2 494.8 6.174 1.8 0.0 1.0
NC5KET12O 2 494.8 6.174 1.8 0.0 1.0
C2H4OCHO 2 464.2 5.009 2.6 0.0 1.0
C5H11-2 2 523.2 5.664 1.7 0.0 1.0
IC3H5COCH3 2 485.716 5.327 0.0 0.0 0.0
AC3H4COCH3 2 482.331 5.306 0.0 0.0 0.0
C5H81-2 2 352.829 5.143 0.0 9.23 1.0
C5H81-3 2 408.0 5.2 0.0 0.0 1.0
C5H8OH13-2O2 2 549.2 5.7 0.0 0.0 1.0
C5H83OOH2-1O 2 549.2 5.7 0.0 0.0 1.0
C5H8D14 2 352.829 5.143 0.0 9.23 1.0
C5H82-3 2 352.829 5.143 0.0 9.23 1.0
C5H8-1 2 352.829 5.143 0.0 9.23 1.0
C5H8-2 2 352.829 5.143 0.0 9.23 1.0
CH3CYC3H3CH3-3 2 396.8 5.458 0.0 0.0 1.0
CH2CYC3H4CH3 2 396.8 5.458 0.0 0.0 1.0
CYC3H4C2H5-2 2 396.8 5.458 0.0 0.0 1.0
CYC3H5CHCH3 2 396.8 5.458 0.0 0.0 1.0
CYC5H9 2 396.8 5.458 0.0 0.0 1.0
CYC3H5CHCH2 2 352.829 5.143 0.0 9.23 1.0
C5H7-13-2 2 408.0 5.2 0.0 0.0 1.0
C5H7-13-3 2 408.0 5.2 0.0 0.0 1.0
CVCCJCVC 2 408.0 5.2 0.0 0.0 1.0
C5H7-14-1 2 408.0 5.2 0.0 0.0 1.0
CVCCVCCOJ 2 390.189 5.456 0.0 9.63 1.0
CVCCVCCVO 2 387.787 5.436 0.0 9.46 1.0
C5H9O1-3 2 523.2 5.664 1.7 0.0 1.0
C5H9O2-1 2 523.2 5.664 1.7 0.0 1.0
C5H9O2-4 2 523.2 5.664 1.7 0.0 1.0
C5H91-3O2 2 430.92 5.783 0.0 10.54 1.0
C5H91-4O2 2 430.92 5.783 0.0 10.54 1.0
C5H92-1O2 2 430.92 5.783 0.0 10.54 1.0
C5H92-2O2 2 430.92 5.783 0.0 10.54 1.0
C5H92-3O2 2 430.92 5.783 0.0 10.54 1.0
C5H92-4O2 2 430.92 5.783 0.0 10.54 1.0
C5H92-5O2 2 430.92 5.783 0.0 10.54 1.0
C5H91OO2-4 2 430.92 5.783 0.0 10.54 1.0
C5H92OO1-3 2 430.92 5.783 0.0 10.54 1.0
C5H92OO3-5 2 430.92 5.783 0.0 10.54 1.0
C5H93OO2-5 2 430.92 5.783 0.0 10.54 1.0
C5H9O1-2O-3 2 430.92 5.783 0.0 10.54 1.0
C5H9O1-2O-4 2 430.92 5.783 0.0 10.54 1.0
C5H9O2-3O-1 2 430.92 5.783 0.0 10.54 1.0
C5H9O2-3O-5 2 430.92 5.783 0.0 10.54 1.0
C5H81OOH3-1 2 430.92 5.783 0.0 10.54 1.0
C5H81OOH3-4 2 430.92 5.783 0.0 10.54 1.0
C5H81OOH3-5 2 430.92 5.783 0.0 10.54 1.0
C5H81OOH4-3 2 430.92 5.783 0.0 10.54 1.0
C5H81OOH5-3 2 430.92 5.783 0.0 10.54 1.0
C5H82OOH1-3 2 430.92 5.783 0.0 10.54 1.0
C5H82OOH1-4 2 430.92 5.783 0.0 10.54 1.0
C5H81O3-4 2 392.576 5.475 0.0 9.8 1.0
C5H81O3-5 2 392.576 5.475 0.0 9.8 1.0
C5H82O1-4 2 392.576 5.475 0.0 9.8 1.0
C5H82O4-5 2 392.576 5.475 0.0 9.8 1.0
C5H81OOH3-5O2 2 495.235 6.275 0.0 11.68 1.0
C5H81KET35 2 462.137 6.026 0.0 10.94 1.0
C5H81KET35O 2 426.543 5.749 0.0 10.2 1.0
IC6D3 2 392.68 5.476 0.0 11.42 1.0
IC6D3-2 2 482.473 5.307 0.0 0.0 0.0
I3C6D1 2 485.857 5.328 0.0 0.0 0.0
I3C6D1-3 2 482.473 5.307 0.0 0.0 0.0
C3H6CHO-S 2 464.2 5.009 2.6 0.0 1.0
C5H10-1 2 386.2 5.489 0.4 0.0 1.0
C5H10-2 2 396.8 5.458 0.0 0.0 1.0
C5H91-1 2 396.8 5.458 0.0 0.0 1.0
C5H91-2 2 396.8 5.458 0.0 0.0 1.0
C5H91-3 2 396.8 5.458 0.0 0.0 1.0
C5H91-4 2 396.8 5.458 0.0 0.0 1.0
C5H91-5 2 396.8 5.458 0.0 0.0 1.0
C5H92-2 2 396.8 5.458 0.0 0.0 1.0
C5H92-3 2 396.8 5.458 0.0 0.0 1.0
C5H92-4 2 396.8 5.458 0.0 0.0 1.0
C5H92-5 2 396.8 5.458 0.0 0.0 1.0
CC5H10 2 437.102 5.017 0.0 0.0 0.0
CC5H9-A 2 396.8 5.458 0.0 0.0 1.0
CC5H9-B 2 396.8 5.458 0.0 0.0 1.0
AC5H9-A2 2 396.8 5.458 0.0 0.0 1.0
AC5H9-C 2 396.8 5.458 0.0 0.0 1.0
AC5H9-D 2 396.8 5.458 0.0 0.0 1.0
B13DE2M 2 408.0 5.2 0.0 0.0 1.0
B13DE2MJ 2 408.0 5.2 0.0 0.0 1.0
C4H7CHO-2 2 523.2 5.664 1.7 0.0 1.0
C4H7CHO-4 2 523.2 5.664 1.7 0.0 1.0
C4H7CO1-4 2 390.189 5.456 0.0 9.63 1.0
C4H6CHO-4,3 2 826.3 5.8 0.0 0.0 0.0
PC4H9CHO 2 476.0 5.778 2.6 0.0 1.0
PC4H9CO 2 476.0 5.778 2.6 0.0 1.0
PC4H8CHO-1 2 476.0 5.778 2.6 0.0 1.0
AC3H5CHO 2 464.2 5.009 2.6 0.0 1.0
AC3H5CO 2 355.347 5.164 0.0 7.78 1.0
NC52ONE-3 2 523.2 5.664 1.7 0.0 1.0
NC53ONE-1 2 523.2 5.664 1.7 0.0 1.0
NC3H7COCH2 2 523.2 5.664 1.7 0.0 1.0
CH3CHCOC2H5 2 523.2 5.664 1.7 0.0 1.0
C5H9OH1-1 2 523.2 5.664 1.7 0.0 1.0
C5H9OH1-2,4 2 523.2 5.664 1.7 0.0 1.0
C5H9OH2-1,3 2 523.2 5.664 1.7 0.0 1.0
C5H9OH2-1,3O 2 430.92 5.783 0.0 10.54 1.0
CH3COOH 2 470.6 4.41 0.0 0.0 1.5
C6H13O2-3 2 588.653 5.943 0.0 0.0 0.0
C6H12OOH3-4O 2 541.5 5.674 1.8 0.0 1.0
C6H12OOH1-4 2 588.653 5.943 0.0 0.0 0.0
C6H12OOH2-4 2 588.653 5.943 0.0 0.0 0.0
C6H12OOH3-2 2 588.653 5.943 0.0 0.0 0.0
C6H12OOH2-3 2 588.653 5.943 0.0 0.0 0.0
C6H12OOH2-5 2 588.653 5.943 0.0 0.0 0.0
C6H12OOH3-1 2 588.653 5.943 0.0 0.0 0.0
C6H12OOH3-4 2 588.653 5.943 0.0 0.0 0.0
C6H12OOH3-5 2 588.653 5.943 0.0 0.0 0.0
C6H12OOH3-6 2 588.653 5.943 0.0 0.0 0.0
C6H12O2-3 2 537.467 5.643 0.0 0.0 0.0
C6H12O1-3 2 537.467 5.643 0.0 0.0 0.0
C6H12O2-4 2 537.467 5.643 0.0 0.0 0.0
C6H12O1-4 2 537.467 5.643 0.0 0.0 0.0
C6H12O3-4 2 537.467 5.643 0.0 0.0 0.0
C6H12OOH2-5O2 2 677.149 6.436 0.0 0.0 0.0
C6H12OOH3-4O2 2 677.149 6.436 0.0 0.0 0.0
C6H12OOH3-5O2 2 677.149 6.436 0.0 0.0 0.0
C6H12OOH2-4O2 2 677.149 6.436 0.0 0.0 0.0
C6H12OOH3-6O2 2 677.149 6.436 0.0 0.0 0.0
C6H12OOH2-3O 2 541.5 5.674 1.8 0.0 1.0
C6KET24 2 541.5 5.674 1.8 0.0 1.0
C6KET35 2 541.5 5.674 1.8 0.0 1.0
C6KET24O 2 467.0 6.548 1.8 0.0 1.0
C6KET35O 2 467.0 6.548 1.8 0.0 1.0
C6H11Q24-6 2 541.5 5.674 1.8 0.0 1.0
C6H11Q34-2 2 541.5 5.674 1.8 0.0 1.0
C6H11Q13-4 2 541.5 5.674 1.8 0.0 1.0
C6H11Q14-3 2 541.5 5.674 1.8 0.0 1.0
C6H11Q24-3 2 541.5 5.674 1.8 0.0 1.0
C6H11Q25-3 2 541.5 5.674 1.8 0.0 1.0
C6H11Q24-5 2 541.5 5.674 1.8 0.0 1.0
C6H11O23-5OOH 2 541.5 5.674 1.8 0.0 1.0
C6H11O24-5OOH 2 541.5 5.674 1.8 0.0 1.0
C6H11O34-1OOH 2 541.5 5.674 1.8 0.0 1.0
C6H11O23-4OOH 2 541.5 5.674 1.8 0.0 1.0
C4H7O23-1 2 496.0 5.2 0.0 0.0 1.0
C5H9O23-1 2 523.2 5.664 1.7 0.0 1.008
C6H12OOH3-2O 2 541.5 5.674 1.8 0.0 1.0
C6H13-1 2 489.224 5.349 0.0 0.0 0.0
C6H13-2 2 489.224 5.349 0.0 0.0 0.0
C6H13-3 2 489.224 5.349 0.0 0.0 0.0
C6H11-1D3OOH 2 541.5 5.674 1.8 0.0 1.0
C6H11-2D1OOH 2 541.5 5.674 1.8 0.0 1.0
C6H11-3D1OOH 2 541.5 5.674 1.8 0.0 1.0
C6H11-1D5OOH 2 541.5 5.674 1.8 0.0 1.0
C6H11-2D5OOH 2 541.5 5.674 1.8 0.0 1.0
C6H11-1D4OOH 2 541.5 5.674 1.8 0.0 1.0
C6H11-2D4OOH 2 541.5 5.674 1.8 0.0 1.0
C6H11-3D2OOH 2 541.5 5.674 1.8 0.0 1.0
C6H9D14-3OOH 2 579.822 10.31 0.0 0.0 1.0
C6H9D13-6OOH 2 579.822 10.31 0.0 0.0 1.0
C6H9D14-6OOH 2 579.822 10.31 0.0 0.0 1.0
C6H11-1D3O 2 541.5 5.674 1.8 0.0 1.0
C6H11-2D1O 2 541.5 5.674 1.8 0.0 1.0
C6H11-3D2O 2 541.5 5.674 1.8 0.0 1.0
C6H11-2D4O 2 541.5 5.674 1.8 0.0 1.0
C6H111O2-2 2 460.179 6.011 0.0 12.39 1.0
C6H111O2-5 2 460.179 6.011 0.0 12.39 1.0
C6H112O2-6 2 460.179 6.011 0.0 12.39 1.0
C6H112O2-1 2 460.179 6.011 0.0 12.39 1.0
C6H111O2-6 2 460.179 6.011 0.0 12.39 1.0
C6H113O2-2 2 460.179 6.011 0.0 12.39 1.0
C6H111O2-3 2 460.179 6.011 0.0 12.39 1.0
C6H112O2-4 2 460.179 6.011 0.0 12.39 1.0
C6H113O2-1 2 460.179 6.011 0.0 12.39 1.0
C6H111O2-4 2 460.179 6.011 0.0 12.39 1.0
C6H112O2-5 2 460.179 6.011 0.0 12.39 1.0
C6H111OO2-4 2 460.179 6.011 0.0 12.39 1.0
C6H112OO3-5 2 460.179 6.011 0.0 12.39 1.0
C6H11O1-2O-3 2 460.179 6.011 0.0 12.39 1.0
C6H11O1-2O-4 2 460.179 6.011 0.0 12.39 1.0
C6H11O2-3O-5 2 460.179 6.011 0.0 12.39 1.0
C6H101OOH3-6 2 460.179 6.011 0.0 12.39 1.0
C6H101OOH6-4 2 460.179 6.011 0.0 12.39 1.0
C6H102OOH5-4 2 460.179 6.011 0.0 12.39 1.0
C6H103OOH1-2 2 460.179 6.011 0.0 12.39 1.0
C6H101OOH3-5 2 460.179 6.011 0.0 12.39 1.0
C6H101OOH4-6 2 460.179 6.011 0.0 12.39 1.0
C6H101OOH6-3 2 460.179 6.011 0.0 12.39 1.0
C6H102OOH4-6 2 460.179 6.011 0.0 12.39 1.0
C6H102OOH6-5 2 460.179 6.011 0.0 12.39 1.0
C6H101OOH3-4 2 460.179 6.011 0.0 12.39 1.0
C6H101OOH4-5 2 460.179 6.011 0.0 12.39 1.0
C6H101OOH5-6 2 460.179 6.011 0.0 12.39 1.0
C6H102OOH4-5 2 460.179 6.011 0.0 12.39 1.0
C6H102OOH6-4 2 460.179 6.011 0.0 12.39 1.0
C6H101OOH4-3 2 460.179 6.011 0.0 12.39 1.0
C6H101OOH6-5 2 460.179 6.011 0.0 12.39 1.0
C6H102OOH5-6 2 460.179 6.011 0.0 12.39 1.0
C6H103OOH2-1 2 460.179 6.011 0.0 12.39 1.0
C6H102O4-5 2 424.439 5.732 0.0 11.65 1.0
C6H102O5-6 2 424.439 5.732 0.0 11.65 1.0
C6H101O4-6 2 424.439 5.732 0.0 11.65 1.0
C6H101O5-6 2 424.439 5.732 0.0 11.65 1.0
C6H103O1-2 2 424.439 5.732 0.0 11.65 1.0
VTHF 2 424.439 5.732 0.0 11.65 1.0
ETES1 2 424.439 5.732 0.0 11.65 1.0
MVOX 2 424.439 5.732 0.0 11.65 1.0
C6H101OOH3-5O2 2 520.972 6.465 0.0 13.53 1.0
C6H101OOH4-6O2 2 520.972 6.465 0.0 13.53 1.0
C6H101OOH6-3O2 2 520.972 6.465 0.0 13.53 1.0
C6H102OOH4-6O2 2 520.972 6.465 0.0 13.53 1.0
C6H101OOH6-5O2 2 520.972 6.465 0.0 13.53 1.0
C6H103OOH2-1O2 2 520.972 6.465 0.0 13.53 1.0
C6H101OOH3-6O2 2 520.972 6.465 0.0 13.53 1.0
C6H101OOH6-4O2 2 520.972 6.465 0.0 13.53 1.0
NC6D1KET35 2 489.575 6.233 0.0 12.79 1.0
NC6D1KET46 2 489.575 6.233 0.0 12.79 1.0
NC6D1KET63 2 489.575 6.233 0.0 12.79 1.0
NC6D2KET46 2 489.575 6.233 0.0 12.79 1.0
NC6D1KET65 2 489.575 6.233 0.0 12.79 1.0
NC6D3KET21 2 489.575 6.233 0.0 12.79 1.0
NC6D1KET36 2 489.575 6.233 0.0 12.79 1.0
NC6D1KET64 2 489.575 6.233 0.0 12.79 1.0
NC6D1KET35O 2 456.097 5.979 0.0 12.05 1.0
NC6D1KET36O 2 456.097 5.979 0.0 12.05 1.0
NC6D1KET63O 2 456.097 5.979 0.0 12.05 1.0
NC6D1KET64O 2 456.097 5.979 0.0 12.05 1.0
NC6D1KET65O 2 456.097 5.979 0.0 12.05 1.0
C6H102-4 2 337.788 5.608 0.0 0.0 1.0
C6H10D14 2 387.892 5.437 0.0 11.08 1.0
C6H101-5 2 337.788 5.608 0.0 0.0 1.0
C6H101-3 2 337.788 5.608 0.0 0.0 1.0
P13DE1J 2 350.178 5.12 0.0 9.06 1.0
CVCCJCVCC 2 346.876 5.564 0.0 0.0 1.0
CVCCVCCOJC 2 422.228 5.715 0.0 11.48 1.0
CVCCOJCVCC 2 422.228 5.715 0.0 11.48 1.0
COOHCVCCVCC 2 579.822 10.31 0.0 0.0 1.0
COJCVCCVCC 2 422.228 5.715 0.0 11.48 1.0
C6H9-A 2 346.876 5.564 0.0 0.0 1.0
C6H9-AOOH 2 481.5 4.997 1.7 0.0 1.0
C6H9-13-2 2 346.876 5.564 0.0 0.0 1.0
C6H9-13-3 2 346.876 5.564 0.0 0.0 1.0
C6H9-13-6 2 346.876 5.564 0.0 0.0 1.0
C6H9-13-6O2 2 456.097 5.979 0.0 12.05 1.0
C2H3COCH2 2 355.347 5.164 0.0 7.78 1.0
C6H12-1 2 485.857 5.328 0.0 0.0 0.0
C6H12-2 2 485.857 5.328 0.0 0.0 0.0
C6H12-3 2 485.857 5.328 0.0 0.0 0.0
C6H111-2 2 482.473 5.307 0.0 0.0 0.0
C6H111-3 2 482.473 5.307 0.0 0.0 0.0
C6H111-4 2 482.473 5.307 0.0 0.0 0.0
C6H111-5 2 482.473 5.307 0.0 0.0 0.0
C6H111-6 2 482.473 5.307 0.0 0.0 0.0
C6H112-4 2 482.473 5.307 0.0 0.0 0.0
C6H112-5 2 482.473 5.307 0.0 0.0 0.0
C6H112-6 2 482.473 5.307 0.0 0.0 0.0
C6H113-1 2 482.473 5.307 0.0 0.0 0.0
C6H113-3 2 396.8 5.458 0.0 0.0 1.0
C6H12OH-3J4 2 541.5 5.674 1.8 0.0 1.0
C6H12OH-2J3 2 541.5 5.674 1.8 0.0 1.0
C6H12OH-3J2 2 541.5 5.674 1.8 0.0 1.0
C6H12OH-2O2-3 2 541.5 5.674 1.8 0.0 1.0
C6H12OH-3O2-4 2 541.5 5.674 1.8 0.0 1.0
C6H12OH-3O2-2 2 541.5 5.674 1.8 0.0 1.0
C6H11OH2-2 2 537.467 5.643 0.0 0.0 0.0
C6H11OH2-3 2 537.467 5.643 0.0 0.0 0.0
C6H11OH3-1 2 537.467 5.643 0.0 0.0 0.0
C6H11OH3-2 2 537.467 5.643 0.0 0.0 0.0
C6H11OH2Q3-1 2 495.31 6.276 0.0 13.3 1.0
C6H11OH2Q3-2 2 495.31 6.276 0.0 13.3 1.0
C6H11OH2Q3-4 2 495.31 6.276 0.0 13.3 1.0
C6H11OH2Q3-5 2 495.31 6.276 0.0 13.3 1.0
C6H11OH2Q3-6 2 495.31 6.276 0.0 13.3 1.0
C6H11OH3Q2-1 2 495.31 6.276 0.0 13.3 1.0
C6H11OH3Q2-3 2 495.31 6.276 0.0 13.3 1.0
C6H11OH3Q2-4 2 495.31 6.276 0.0 13.3 1.0
C6H11OH3Q2-5 2 495.31 6.276 0.0 13.3 1.0
C6H11OJ3 2 541.5 5.674 1.8 0.0 1.0
CHX 2 392.68 5.476 0.0 11.42 1.0
CHXRAD 2 390.293 5.457 0.0 11.25 1.0
CHXO2J 2 460.179 6.011 0.0 12.39 1.0
CHX1Q3J 2 460.179 6.011 0.0 12.39 1.0
CYCHEXENE 2 387.892 5.437 0.0 11.08 1.0
HEX5ENAL 2 424.439 5.732 0.0 11.65 1.0
CYHX1N3OJ 2 422.228 5.715 0.0 11.48 1.0
HX5ENAL4J 2 422.228 5.715 0.0 11.48 1.0
CYHX1N3J 2 385.477 5.417 0.0 10.91 1.0
HX5ENAL1J 2 422.228 5.715 0.0 11.48 1.0
HX2N1AL6J 2 422.228 5.715 0.0 11.48 1.0
IC6-3 2 395.053 5.496 0.0 11.59 1.0
IC6D2 2 392.68 5.476 0.0 11.42 1.0
IC6OOH3-2 2 464.247 6.042 0.0 12.73 1.0
IC6O2-3 2 428.824 5.767 0.0 11.99 1.0
C6H12O1-2 2 537.467 5.643 0.0 0.0 0.0
IC6D13 2 387.892 5.437 0.0 11.08 1.0
I3C6D1-5 2 390.293 5.457 0.0 11.25 1.0
I3C6D3 2 392.68 5.476 0.0 11.42 1.0
I3C6OOH4-3 2 464.247 6.042 0.0 12.73 1.0
I3C6OOH3-4 2 464.247 6.042 0.0 12.73 1.0
I3C6O3-4 2 428.824 5.767 0.0 11.99 1.0
XC6D1-1A 2 390.293 5.457 0.0 11.25 1.0
XC6D1-1AO 2 426.639 5.75 0.0 11.82 1.0
IC6D13-1AR 2 385.477 5.417 0.0 10.91 1.0
NC5D124-5R 2 344.815 5.074 0.0 8.72 1.0
I3C6D15 2 387.892 5.437 0.0 11.08 1.0
I3C6D15-3 2 385.477 5.417 0.0 10.91 1.0
C2H5CO3 2 404.107 5.569 0.0 7.41 1.0
IC6D13-5R 2 385.477 5.417 0.0 10.91 1.0
I3C6D25 2 387.892 5.437 0.0 11.08 1.0
I3C6D15-4 2 385.477 5.417 0.0 10.91 1.0
I3C6D13-5 2 385.477 5.417 0.0 10.91 1.0
NC5D124 2 347.507 5.097 0.0 8.89 1.0
I3C6D13-6 2 385.477 5.417 0.0 10.91 1.0
C5D2Y1-1R 2 482.331 5.306 0.0 0.0 0.0
C6D2Y1 2 457.8 6.173 0.3 0.0 1.0
C6D2Y1-1R 2 457.8 6.173 0.3 0.0 1.0
L-C6H4 2 412.3 5.349 0.0 0.0 1.0
C-C6H4 2 464.8 5.29 0.0 10.32 0.0
C6H3 2 357.0 5.18 0.0 0.0 1.0
C6H2 1 408.0 5.2 0.0 0.0 1.0
C6H5OO 2 464.8 5.29 0.0 10.32 0.0
A1-C6H6 2 468.5 5.23 0.0 10.3 1.0
FULVENE 2 468.5 5.23 0.0 0.0 1.0
C6H5 2 412.3 5.349 0.0 0.0 1.0
OC6H4OH 2 621.1 5.64 0.0 0.0 1.0
O-C6H4O2 2 450.0 5.5 0.0 0.0 1.0
P-C6H4O2 2 450.0 5.5 0.0 0.0 1.0
O-OC6H5OJ 2 450.0 5.5 0.0 0.0 1.0
P-C6H3O2 2 450.0 5.5 0.0 0.0 1.0
C6H5OH 2 450.0 5.5 0.0 0.0 1.0
C6H5O 2 450.0 5.5 0.0 0.0 1.0
C6H4OH 2 464.8 5.29 0.0 10.32 0.0
CVCCVCCOH 2 523.2 5.664 1.7 0.0 1.0
C5H5OH 2 450.0 5.5 0.0 0.0 1.0
C5H5O 2 450.0 5.5 0.0 0.0 1.0
C5H4OH 2 450.0 5.5 0.0 0.0 1.0
C5H4O 2 450.0 5.5 0.0 0.0 1.0
C5H3O 2 511.398 5.357 0.0 0.0 1.0
CJVCCVCCVO 2 523.2 5.664 1.7 0.0 1.0
CVCCVCCJVO 2 523.2 5.664 1.7 0.0 1.0
CJVCCVO 2 443.2 4.12 0.0 0.0 1.0
OC5H7O 2 496.0 5.2 0.0 0.0 1.0
C5H6 1 408.0 5.2 0.0 0.0 1.0
C5H5 1 408.0 5.2 0.0 0.0 1.0
C5H6-L 2 408.0 5.2 0.0 0.0 1.0
C#CCVCCJ 2 408.0 5.2 0.0 0.0 1.0
C5H7 2 408.0 5.2 0.0 0.0 1.0
C5H5CH3 2 424.384 5.89 0.0 0.0 0.0
C2-OOQOOH 2 503.9 4.9 0.0 0.0 1.0
BUTA123TRIENE 2 357.0 5.18 0.0 0.0 1.0
IC5D1T3-1J 1 408.0 5.2 0.0 0.0 1.0
IC5T1 2 352.829 5.143 0.0 9.23 1.0
CC7H15 2 459.6 6.253 0.0 0.0 1.0
C6H102O4-6 2 424.439 5.732 0.0 11.65 1.0
NC6D2KET45 2 489.575 6.233 0.0 12.79 1.0
C6H102OOH4-5O2 2 520.972 6.465 0.0 13.53 1.0
NC6D3KET12 2 489.575 6.233 0.0 12.79 1.0
C6KET31 2 541.5 5.674 1.8 0.0 1.0
C6KET31O 2 467.0 6.548 1.8 0.0 1.0
C6KET34 2 541.5 5.674 1.8 0.0 1.0
C6KET34O 2 467.0 6.548 1.8 0.0 1.0
C6H12OOH3-2O2 2 677.149 6.436 0.0 0.0 0.0
C6KET32 2 541.5 5.674 1.8 0.0 1.0
C6KET32O 2 467.0 6.548 1.8 0.0 1.0
C6H12OOH2-3O2 2 677.149 6.436 0.0 0.0 0.0
C6H12-3OJ4 2 541.5 5.674 1.8 0.0 1.0
C6H103OOH1-2O2 2 520.972 6.465 0.0 13.53 1.0
C6H12OOH3-1O2 2 677.149 6.436 0.0 0.0 0.0
HOCH2O2H 2 481.8 3.626 1.7 0.0 1.0
HOCH2O2 2 481.8 3.626 1.7 0.0 1.0
OCH2O2H 2 481.8 3.626 1.7 0.0 1.0
C2H3OOH 2 436.0 3.97 0.0 0.0 2.0
CH3OCH3 2 395.0 4.037 1.3 0.0 1.0
CH3OCH2 2 395.0 4.037 1.3 0.0 1.0
CH3OCH2O2H 2 395.0 4.037 1.3 0.0 1.0
CH3OCH2O2 2 395.0 4.037 1.3 0.0 1.0
CH2OCH2O2H 2 395.0 4.037 1.3 0.0 1.0
O2CH2OCH2O2H 2 395.0 4.037 1.3 0.0 1.0
HO2CH2OCHO 2 395.0 4.037 1.3 0.0 1.0
OCH2OCHO 2 395.0 4.037 1.3 0.0 1.0
HOCH2OCO 2 395.0 4.037 1.3 0.0 1.0
CH3OCH2O 2 395.0 4.037 1.3 0.0 1.0
CH3OCHO 2 395.0 4.037 1.3 0.0 1.0
CH3OCO 2 395.0 4.037 1.3 0.0 1.0
CH2OCHO 2 395.0 4.037 1.3 0.0 1.0
IC3H7O2H 2 459.5 5.036 1.7 0.0 1.0
IC3H7O2 2 459.5 5.036 1.7 0.0 1.0
IC3H7O 2 459.5 5.036 1.7 0.0 1.0
C3H6OOH1-2O2 2 435.2 4.662 2.7 0.0 1.0
C3H6OOH2-1O2 2 435.2 4.662 2.7 0.0 1.0
C3H51-2,3OOH 2 549.655 5.716 0.0 0.0 0.0
C3H52-1,3OOH 2 549.655 5.716 0.0 0.0 0.0
!C3KET12[dat][dat]
C3H5O1-2OOH-3 2 464.2 5.009 2.6 0.0 1.0
!C3KET12[dat][dat]
C3H5O1-3OOH-2 2 464.2 5.009 2.6 0.0 1.0
C3H6OH1-2 2 487.9 4.82 0.0 0.0 1.0
!1109[dat][dat]
HOC3H6O2 2 487.9 4.82 0.0 0.0 1.0
PC3H4OH-2 2 300.783 5.377 0.0 0.0 1.0
C3H3O2H 2 301.658 5.31 0.0 0.0 1.0
CH3COCH3 2 435.5 4.86 0.0 0.0 1.0
PC4H9O 2 496.0 5.2 0.0 0.0 1.0
SC4H9O 2 496.0 5.2 0.0 0.0 1.0
SC4H9O2 2 496.0 5.2 0.0 0.0 1.0
PC4H9O2H 2 496.0 5.2 0.0 0.0 1.0
SC4H9O2H 2 496.0 5.2 0.0 0.0 1.0
C4H8OOH1-4 2 496.0 5.2 0.0 0.0 1.0
C4H8OOH2-1 2 496.0 5.2 0.0 0.0 1.0
C4H8OOH2-3 2 496.0 5.2 0.0 0.0 1.0
C4H8OOH2-4 2 496.0 5.2 0.0 0.0 1.0
C4H8O1-3 2 496.0 5.2 0.0 0.0 1.0
C4H8O1-4 2 496.0 5.2 0.0 0.0 1.0
C4H8O2-3 2 496.0 5.2 0.0 0.0 1.0
C4H8OOH1-2O2 2 496.0 5.2 0.0 0.0 1.0
C4H8OOH1-3O2 2 496.0 5.2 0.0 0.0 1.0
C4H8OOH1-4O2 2 496.0 5.2 0.0 0.0 1.0
C4H8OOH2-1O2 2 496.0 5.2 0.0 0.0 1.0
C4H8OOH2-3O2 2 496.0 5.2 0.0 0.0 1.0
C4H8OOH2-4O2 2 496.0 5.2 0.0 0.0 1.0
!C4H8OOH1-2O2[dat][dat]
C4H71-2,4OOH 2 496.0 5.2 0.0 0.0 1.0
!C4H8OOH1-2O2[dat][dat]
C4H72-1,3OOH 2 496.0 5.2 0.0 0.0 1.0
!C4H8OOH1-2O2[dat][dat]
C4H72-1,4OOH 2 496.0 5.2 0.0 0.0 1.0
!C4H8OOH1-2O2[dat][dat]
C4H71-2,3OOH 2 496.0 5.2 0.0 0.0 1.0
!NC4KET12[dat][dat]
C4H7O1-3OOH-4 2 476.0 5.778 2.6 0.0 1.0
!NC4KET12[dat][dat]
C4H7O1-3OOH-2 2 476.0 5.778 2.6 0.0 1.0
!NC4KET12[dat][dat]
C4H7O1-2OOH-4 2 476.0 5.778 2.6 0.0 1.0
!NC4KET12[dat][dat]
C4H7O1-4OOH-2 2 476.0 5.778 2.6 0.0 1.0
!NC4KET12[dat][dat]
C4H7O1-2OOH-3 2 476.0 5.778 2.6 0.0 1.0
!NC4KET12[dat][dat]
C4H7O2-3OOH-1 2 476.0 5.778 2.6 0.0 1.0
NC4KET13 2 476.0 5.778 2.6 0.0 1.0
NC4KET14 2 476.0 5.778 2.6 0.0 1.0
NC4KET23 2 476.0 5.778 2.6 0.0 1.0
NC4KET24 2 476.0 5.778 2.6 0.0 1.0
!C4H8OOH1-2O2[dat][dat]
C4H71-3,4OOH 2 496.0 5.2 0.0 0.0 1.0
!C4H8OOH1-2O2[dat][dat]
C4H72-3,4OOH 2 496.0 5.2 0.0 0.0 1.0
IC4H10 2 335.7 5.208 0.1 0.0 1.0
IC4H9 2 352.0 5.24 0.0 0.0 1.0
TC4H9 2 352.0 5.24 0.0 0.0 1.0
TC4H9O 2 496.0 5.2 0.0 0.0 1.0
IC4H9O 2 496.0 5.2 0.0 0.0 1.0
IC4H8O 2 436.4 5.352 0.0 0.0 1.0
IC3H7CHO 2 436.4 5.352 0.0 0.0 1.0
IC3H7CO 2 436.4 5.352 0.0 0.0 1.0
IC3H6CHO 2 436.4 5.352 0.0 0.0 1.0
TC3H6O2CHO 2 436.4 5.352 0.0 0.0 1.0
IC3H5O2HCHO 2 436.4 5.352 0.0 0.0 1.0
TC3H6O2HCO 2 436.4 5.352 0.0 0.0 1.0
TC3H6OCHO 2 436.4 5.352 0.0 0.0 1.0
!IC4H8O[dat][dat]
SC4H7OH-I 2 436.4 5.352 0.0 0.0 1.0
IC4H9O2 2 502.252 5.43 0.0 0.0 0.0
TC4H9O2 2 502.252 5.43 0.0 0.0 0.0
IC4H8O2H-I 2 502.2 5.356 1.8 0.0 1.0
IC4H8O2H-T 2 502.2 5.356 1.8 0.0 1.0
TC4H8O2H-I 2 502.2 5.356 1.8 0.0 1.0
CC4H8O 2 444.197 5.063 0.0 0.0 0.0
IC4H8OOH-IO2 2 600.078 6.009 0.0 0.0 0.0
IC4H8OOH-TO2 2 600.078 6.009 0.0 0.0 0.0
TC4H8OOH-IO2 2 600.078 6.009 0.0 0.0 0.0
IC4KETII 2 549.655 5.716 0.0 0.0 0.0
IC4KETIT 2 549.655 5.716 0.0 0.0 0.0
TIC4H7Q2-I 2 600.078 6.009 0.0 0.0 0.0
IIC4H7Q2-I 2 600.078 6.009 0.0 0.0 0.0
IIC4H7Q2-T 2 600.078 6.009 0.0 0.0 0.0
IC4H7OOH 2 436.4 5.352 0.0 0.0 1.0
IC4H9O2H 2 505.54 5.45 0.0 0.0 0.0
TC4H9O2H 2 505.54 5.45 0.0 0.0 0.0
IC4H7-I1 2 380.022 4.633 0.0 0.0 0.0
!TC3H6OCHO[dat][dat]
IC4H7O2 2 436.4 5.352 0.0 0.0 1.0
!TC3H6OCHO[dat][dat]
IC4H6OOH-I 2 436.4 5.352 0.0 0.0 1.0
!TC3H6OCHO[dat][dat]
CCYCCOOC-T1 2 436.4 5.352 0.0 0.0 1.0
!TC3H6OCHO[dat][dat]
C2CYCOOC-I1 2 436.4 5.352 0.0 0.0 1.0
IC4H7O 2 496.0 5.2 0.0 0.0 1.0
!IC3H6CO[dat][dat]
CVCYCCOC 2 436.4 5.352 0.0 0.0 1.0
!TC3H6OCHO[dat][dat]
CCYC2OCO 2 436.4 5.352 0.0 0.0 1.0
!TC3H6OCHO[dat][dat]
CCYCCOOC-I2 2 436.4 5.352 0.0 0.0 1.0
!TC3H6OCHO[dat][dat]
CHOIC3H6O 2 436.4 5.352 0.0 0.0 1.0
!TC3H6OCHO[dat][dat]
IC3H5OOCH2 2 436.4 5.352 0.0 0.0 1.0
!PC4H9O[dat][dat]
IC4H8OH-IT 2 496.0 5.2 0.0 0.0 1.0
!PC4H9O[dat][dat]
IC4H8OH-TI 2 496.0 5.2 0.0 0.0 1.0
IC4H7OH 2 502.2 5.356 1.8 0.0 1.0
IC4H8OH 2 496.0 5.2 0.0 0.0 1.0
IC4H6OH 2 502.2 5.356 1.8 0.0 1.0
!C4H8OH-1O2[dat][dat]
TQJC4H8OH 2 502.2 5.356 1.8 0.0 1.0
!C4H8OH-1O2[dat][dat]
TQC4H8OI 2 502.2 5.356 1.8 0.0 1.0
!C4H8OH-1O2[dat][dat]
QC4H7OHP 2 502.2 5.356 1.8 0.0 1.0
!C4H8OH-1O2[dat][dat]
TQC4H7OHI 2 502.2 5.356 1.8 0.0 1.0
!IC4H7OOH[dat][dat]
CCY(CCO)COH 2 436.4 5.352 0.0 0.0 1.0
!IC4H7OOH[dat][dat]
C2CY(COC)OH 2 436.4 5.352 0.0 0.0 1.0
!C4H8OH-1O2[dat][dat]
IQJC4H8OH 2 502.2 5.356 1.8 0.0 1.0
!C4H8OH-1O2[dat][dat]
IQC4H8OT 2 502.2 5.356 1.8 0.0 1.0
!C4H8OH-1O2[dat][dat]
IQC4H7OHT 2 502.2 5.356 1.8 0.0 1.0
!IC4H7OOH[dat][dat]
CCY(CCOC)OH 2 436.4 5.352 0.0 0.0 1.0
!C3KET12[dat][dat]
CH2COHCH2OOH 2 464.2 5.009 2.6 0.0 1.0
TC3H6OH 2 459.5 5.036 1.7 0.0 1.0
!C5H10OOH1-2O2[dat][dat]
TQC4H7OHIO2 2 523.2 5.664 1.7 0.0 1.0
!C5H10OOH1-2O2[dat][dat]
TQC4H7OHTO2 2 523.2 5.664 1.7 0.0 1.0
!C5H10OOH1-2O2[dat][dat]
TQC4H7OHIQ-I 2 523.2 5.664 1.7 0.0 1.0
!C5H10OOH1-2O2[dat][dat]
TQC4H7OHIQ-P 2 523.2 5.664 1.7 0.0 1.0
!NC4KET12[dat][dat]
IC3H5COHQ 2 476.0 5.778 2.6 0.0 1.0
!C4H8OOH1-2O2[dat][dat]
CH2CQCOHQ 2 496.0 5.2 0.0 0.0 1.0
!AC3H5OOH[dat][dat]
IC3H5Q 2 481.5 4.997 1.7 0.0 1.0
!IC4H6Q2-II[dat][dat]
COHQCYC(COC) 2 597.176 5.992 0.0 0.0 0.0
!IC4H6Q2-II[dat][dat]
QCYC(CCOC)OH 2 597.176 5.992 0.0 0.0 0.0
!IC4H6Q2-II[dat][dat]
HOCOCQ(CH3)2 2 597.176 5.992 0.0 0.0 0.0
!C5H10OOH1-2O2[dat][dat]
IQC4H7OHTO2 2 523.2 5.664 1.7 0.0 1.0
!C5H10OOH1-2O2[dat][dat]
IQC4H8OTQ-I 2 523.2 5.664 1.7 0.0 1.0
!C5H10OOH1-2O2[dat][dat]
IQC4H7OHTQ-P 2 523.2 5.664 1.7 0.0 1.0
!IC4H6Q2-II[dat][dat]
CHOC(CH3)OHCH2Q 2 597.176 5.992 0.0 0.0 0.0
!C4H8OOH1-2O2[dat][dat]
CO(CH2OOH)2 2 496.0 5.2 0.0 0.0 1.0
!C4H7O[dat][dat]
IC3H5OCH2 2 496.0 5.2 0.0 0.0 1.0
!C5H10OOH1-2O2[dat][dat]
IC4H7OOCH3 2 523.2 5.664 1.7 0.0 1.0
!C5H10OOH1-2O2[dat][dat]
IC4H7OOIC4H7 2 523.2 5.664 1.7 0.0 1.0
!PC4H9O[dat][dat]
SC4H8OH-3 2 496.0 5.2 0.0 0.0 1.0
!IC4H8O[dat][dat]
C4H71-2OH 2 436.4 5.352 0.0 0.0 1.0
!IC4H8O[dat][dat]
C4H72-2OH 2 436.4 5.352 0.0 0.0 1.0
!C4H8OH-1O2[dat][dat]
SQC4H8OP 2 502.2 5.356 1.8 0.0 1.0
!C4H8OH-1O2[dat][dat]
PQC4H8OS 2 502.2 5.356 1.8 0.0 1.0
!C4H8OH-1O2[dat][dat]
PQC4H7OHS-3 2 502.2 5.356 1.8 0.0 1.0
!IC4H7OOH[dat][dat]
NC4KET12OH 2 436.4 5.352 0.0 0.0 1.0
!C4H8OH-1O2[dat][dat]
SQC4H7OHS-4 2 502.2 5.356 1.8 0.0 1.0
!C4H8OH-1O2[dat][dat]
SQC4H8OS 2 502.2 5.356 1.8 0.0 1.0
!IC4H7OOH[dat][dat]
NC4KET23OH 2 436.4 5.352 0.0 0.0 1.0
!C4H8OH-1O2[dat][dat]
SC4H8OH-3O2 2 502.2 5.356 1.8 0.0 1.0
!IC4H7OOH[dat][dat]
CCY(COCC)OH 2 436.4 5.352 0.0 0.0 1.0
!SC3H5OCH2[dat][dat]
AC3H5OCH2 2 523.2 5.664 1.7 0.0 1.0
IC4H6Q2-II 2 597.176 5.992 0.0 0.0 0.0
!C6H10[dat][dat]
C6H10D24 2 337.788 5.608 0.0 0.0 1.0
!C4H7O[dat][dat]
SC3H5OCH2-1 2 496.0 5.2 0.0 0.0 1.0
!C6H5OOH[dat][dat]
C8H141-5,3-4 2 464.8 5.29 0.0 10.32 0.0
!C6H5OOH[dat][dat]
C8H141-5,3 2 464.8 5.29 0.0 10.32 0.0
!C6H5OOH[dat][dat]
C8H142-6 2 464.8 5.29 0.0 10.32 0.0
!O2CH2OCH2O2H[dat][dat]
C8H131-5,3-4,TA 2 395.0 4.037 1.3 0.0 1.0
!O2CH2OCH2O2H[dat][dat]
C8H131-5,3,TA 2 395.0 4.037 1.3 0.0 1.0
!O2CH2OCH2O2H[dat][dat]
C8H131-5,3,SA 2 395.0 4.037 1.3 0.0 1.0
!O2CH2OCH2O2H[dat][dat]
C8H131-5,3,PA 2 395.0 4.037 1.3 0.0 1.0
!O2CH2OCH2O2H[dat][dat]
C8H132-6,SA 2 395.0 4.037 1.3 0.0 1.0
!O2CH2OCH2O2H[dat][dat]
C8H132-6,PA 2 395.0 4.037 1.3 0.0 1.0
!C6H10[dat][dat]
C6H101-3,3 2 337.788 5.608 0.0 0.0 1.0
!NC7KET12[dat][dat]
C8H131-5,3-4,TAO 2 581.3 6.506 2.0 0.0 1.0
!NC7KET12[dat][dat]
C8H131-5,3,TAO 2 581.3 6.506 2.0 0.0 1.0
!NC7KET12[dat][dat]
C8H131-5,3,SAO 2 581.3 6.506 2.0 0.0 1.0
!NC7KET12[dat][dat]
C8H131-5,3,PAO 2 581.3 6.506 2.0 0.0 1.0
!NC7KET12[dat][dat]
C8H132-6,SAO 2 581.3 6.506 2.0 0.0 1.0
!NC7KET12[dat][dat]
C8H132-6,PAO 2 581.3 6.506 2.0 0.0 1.0
!C6H5OH[dat][dat]
C7H111-5,3,6P 2 450.0 5.5 0.0 0.0 1.0
!C6H5OH[dat][dat]
C7H111-5,1P 2 450.0 5.5 0.0 0.0 1.0
!C4H7O[dat][dat]
C4H63,1-2OH 2 496.0 5.2 0.0 0.0 1.0
!C4H8OH-1O2[dat][dat]
SQC4H7OHP-4 2 502.2 5.356 1.8 0.0 1.0
!IC4H7OOH[dat][dat]
CY(CCCO)COH 2 436.4 5.352 0.0 0.0 1.0
!IC4H7OOH[dat][dat]
NC4KET21OH 2 436.4 5.352 0.0 0.0 1.0
!TC3H6OCHO[dat][dat]
C2H5CHOHCO 2 436.4 5.352 0.0 0.0 1.0
!TC3H6OCHO[dat][dat]
CH3COCOHCH3 2 436.4 5.352 0.0 0.0 1.0
!TC3H6OCHO[dat][dat]
C2H4COCH2OH 2 436.4 5.352 0.0 0.0 1.0
!C3H3O2H[dat][dat]
CH3COHCO 2 301.658 5.31 0.0 0.0 1.0
!C5H10OOH1-2O2[dat][dat]
SQC4H7OHP-4O2 2 523.2 5.664 1.7 0.0 1.0
!C5H10OOH1-2O2[dat][dat]
PQC4H7OHS-3O2 2 523.2 5.664 1.7 0.0 1.0
!C5H10OOH1-2O2[dat][dat]
SQC4H7OHS-4O2 2 523.2 5.664 1.7 0.0 1.0
!C5H10OOH1-2O2[dat][dat]
C4H7O2-1,3OOH 2 523.2 5.664 1.7 0.0 1.0
!IC4H6Q2-II[dat][dat]
NC4KET13OH-2 2 597.176 5.992 0.0 0.0 0.0
!IC4H6Q2-II[dat][dat]
NC4KET24OH-1 2 597.176 5.992 0.0 0.0 0.0
!IC4H6Q2-II[dat][dat]
NC4KET24OH-3 2 597.176 5.992 0.0 0.0 0.0
!NC4KET12[dat][dat]
C4H6OHOOH2-2-1 2 476.0 5.778 2.6 0.0 1.0
!NC4KET12[dat][dat]
C4H6OHOOH1-3-4 2 476.0 5.778 2.6 0.0 1.0
!NC4KET12[dat][dat]
C4H6OHOOH1-2-3 2 476.0 5.778 2.6 0.0 1.0
!C4H8O2-3[dat][dat]
C4H71-4OOH 2 496.0 5.2 0.0 0.0 1.0
!TC3H6O2CHO[dat][dat]
C4H6O1-3OOH4 2 436.4 5.352 0.0 0.0 1.0
!TC3H6O2CHO[dat][dat]
C4H6O2-1OOH4 2 436.4 5.352 0.0 0.0 1.0
!C3H5O[dat][dat]
PC3H4OH-3 2 411.0 4.82 0.0 0.0 1.0
!C3H5O[dat][dat]
PC3H4OH-1 2 411.0 4.82 0.0 0.0 1.0
!CH3COCH2O[dat][dat]
CH3COCHOH 2 447.639 5.086 0.0 0.0 0.0
!PC4H9O[dat][dat]
PC4H8OH-1 2 496.0 5.2 0.0 0.0 1.0
!PC4H9O[dat][dat]
PC4H8OH-3 2 496.0 5.2 0.0 0.0 1.0
C4H7O1-4 2 476.0 5.778 2.6 0.0 1.0
!PC4H9O[dat][dat]
PC4H8OH-4 2 496.0 5.2 0.0 0.0 1.0
!PC4H9O[dat][dat]
SC4H8OH-2 2 496.0 5.2 0.0 0.0 1.0
!HOC*CCJ*O[dat][dat]
CH2COHCO 2 435.2 4.662 2.7 0.0 1.0
!TC3H6OCHO[dat][dat]
C4H72-2O2 2 436.4 5.352 0.0 0.0 1.0
!C4H8OH-1O2[dat][dat]
PC4H8OH-2O2 2 502.2 5.356 1.8 0.0 1.0
!C4H8OH-1O2[dat][dat]
SC4H8OH-1O2 2 502.2 5.356 1.8 0.0 1.0
!C5H10OOH1-2O2[dat][dat]
C4H71-3OOCH3 2 523.2 5.664 1.7 0.0 1.0
!C5H10OOH1-2O2[dat][dat]
C4H72-1OOCH3 2 523.2 5.664 1.7 0.0 1.0
C4H6O25 1 357.0 5.18 0.0 0.0 1.0
C2H5COCH3 2 454.0 5.413 3.3 0.0 1.0
CH3CHOOCOCH3 2 546.562 5.698 0.0 0.0 0.0
CH2CHOOHCOCH3 2 546.562 5.698 0.0 0.0 0.0
BC5H10 2 391.4 5.55 0.0 0.0 1.0
!C5H91-3[dat][dat]
AC5H9O-C 2 396.8 5.458 0.0 0.0 1.0
!C5H91-3[dat][dat]
CC5H9O-B 2 396.8 5.458 0.0 0.0 1.0
AC5H10 2 386.6 5.532 0.5 0.0 1.0
!C5H9O1-3[dat][dat]
B2E2M1OJ 2 523.2 5.664 1.7 0.0 1.0
!C5H81-3[dat][dat]
B12DE3M 2 408.0 5.2 0.0 0.0 1.0
!C5H9O1-3[dat][dat]
B2E3M1OJ 2 523.2 5.664 1.7 0.0 1.0
TC4H8CHO 2 476.0 5.778 2.6 0.0 1.0
O2C4H8CHO 2 588.531 5.942 0.0 0.0 0.0
O2HC4H8CO 2 588.531 5.942 0.0 0.0 0.0
!C6H5OOH[dat][dat]
H15DE25DM 2 464.8 5.29 0.0 10.32 0.0
!O2CH2OCH2O2H[dat][dat]
H15DE25DM-S 2 395.0 4.037 1.3 0.0 1.0
!O2CH2OCH2O2H[dat][dat]
H15DE25DM-A 2 395.0 4.037 1.3 0.0 1.0
!C4H8OOH1-2O2[dat][dat]
H15DE25DM-AO 2 496.0 5.2 0.0 0.0 1.0
!C4H8OOH1-2O2[dat][dat]
H15DE25DM-SO 2 496.0 5.2 0.0 0.0 1.0
!C6H5OH[dat][dat]
H15DE2M-T 2 450.0 5.5 0.0 0.0 1.0
IC4H7CHO 2 476.0 5.778 2.6 0.0 1.0
C6H5OOH 2 464.8 5.29 0.0 10.32 0.0
P-OC6H5OJ 2 450.0 5.5 0.0 0.0 1.0
CVCCVCCJ 2 408.0 5.2 0.0 0.0 1.0
CVCCJCVCOH 2 523.2 5.664 1.7 0.0 1.0
HOCVCCVO 2 435.2 4.662 2.7 0.0 1.0
OC4H6O 2 496.0 5.2 0.0 0.0 1.0
OC4H5O 2 496.0 5.2 0.0 0.0 1.0
O2CCHOOJ 2 470.6 4.41 0.0 0.0 1.5
HOCVCCJVO 2 435.2 4.662 2.7 0.0 1.0
NC12H26 2 731.315 6.724 0.0 0.0 0.0
C12H25-1 2 728.802 6.711 0.0 0.0 0.0
C12H25-2 2 728.802 6.711 0.0 0.0 0.0
C12H25-3 2 728.802 6.711 0.0 0.0 0.0
C12H25-4 2 728.802 6.711 0.0 0.0 0.0
C12H25-5 2 728.802 6.711 0.0 0.0 0.0
C12H25-6 2 728.802 6.711 0.0 0.0 0.0
C11H23-1 2 693.152 6.522 0.0 0.0 0.0
C10H21-1 2 656.121 6.322 0.0 0.0 0.0
C9H19-1 2 617.511 6.107 0.0 0.0 0.0
C8H17-1 2 577.066 5.876 0.0 0.0 0.0
C7H15-1 2 534.454 5.625 0.0 0.0 0.0
C5H11-1 2 440.735 5.041 0.0 0.0 0.0
C10H20-1 2 653.402 6.307 0.0 0.0 0.0
C9H18-1 2 614.669 6.091 0.0 0.0 0.0
C8H16-1 2 574.08 5.859 0.0 0.0 0.0
C7H14-1 2 531.297 5.606 0.0 0.0 0.0
C12H24-1 2 726.282 6.698 0.0 0.0 0.0
C12H24-2 2 726.282 6.698 0.0 0.0 0.0
C12H24-3 2 726.282 6.698 0.0 0.0 0.0
C12H24-4 2 726.282 6.698 0.0 0.0 0.0
C12H24-5 2 726.282 6.698 0.0 0.0 0.0
C12H24-6 2 726.282 6.698 0.0 0.0 0.0
C12H23 2 723.757 6.685 0.0 0.0 0.0
NC4H9CHO 2 492.434 5.369 0.0 0.0 0.0
NC5H11CHO 2 537.467 5.643 0.0 0.0 0.0
C7H131-7 2 528.126 5.587 0.0 0.0 0.0
C8H15 2 571.083 5.842 0.0 0.0 0.0
C9H17 2 611.817 6.075 0.0 0.0 0.0
C10H19 2 650.674 6.292 0.0 0.0 0.0
C12H25-1O2 2 805.774 7.106 0.0 0.0 0.0
C12H25-2O2 2 805.774 7.106 0.0 0.0 0.0
C12H25-3O2 2 805.774 7.106 0.0 0.0 0.0
C12H25-4O2 2 805.774 7.106 0.0 0.0 0.0
C12H25-5O2 2 805.774 7.106 0.0 0.0 0.0
C12H25-6O2 2 805.774 7.106 0.0 0.0 0.0
C12H25-1O 2 767.987 6.914 0.0 0.0 0.0
C12H25-2O 2 767.987 6.914 0.0 0.0 0.0
C12H25-3O 2 767.987 6.914 0.0 0.0 0.0
C12H25-4O 2 767.987 6.914 0.0 0.0 0.0
C12H25-5O 2 767.987 6.914 0.0 0.0 0.0
C12H25-6O 2 767.987 6.914 0.0 0.0 0.0
C12OOH12 2 805.774 7.106 0.0 0.0 0.0
C12OOH13 2 805.774 7.106 0.0 0.0 0.0
C12OOH14 2 805.774 7.106 0.0 0.0 0.0
C12OOH15 2 805.774 7.106 0.0 0.0 0.0
C12OOH21 2 805.774 7.106 0.0 0.0 0.0
C12OOH23 2 805.774 7.106 0.0 0.0 0.0
C12OOH24 2 805.774 7.106 0.0 0.0 0.0
C12OOH25 2 805.774 7.106 0.0 0.0 0.0
C12OOH26 2 805.774 7.106 0.0 0.0 0.0
C12OOH31 2 805.774 7.106 0.0 0.0 0.0
C12OOH32 2 805.774 7.106 0.0 0.0 0.0
C12OOH34 2 805.774 7.106 0.0 0.0 0.0
C12OOH35 2 805.774 7.106 0.0 0.0 0.0
C12OOH36 2 805.774 7.106 0.0 0.0 0.0
C12OOH37 2 805.774 7.106 0.0 0.0 0.0
C12OOH41 2 805.774 7.106 0.0 0.0 0.0
C12OOH42 2 805.774 7.106 0.0 0.0 0.0
C12OOH43 2 805.774 7.106 0.0 0.0 0.0
C12OOH45 2 805.774 7.106 0.0 0.0 0.0
C12OOH46 2 805.774 7.106 0.0 0.0 0.0
C12OOH47 2 805.774 7.106 0.0 0.0 0.0
C12OOH48 2 805.774 7.106 0.0 0.0 0.0
C12OOH51 2 805.774 7.106 0.0 0.0 0.0
C12OOH52 2 805.774 7.106 0.0 0.0 0.0
C12OOH53 2 805.774 7.106 0.0 0.0 0.0
C12OOH54 2 805.774 7.106 0.0 0.0 0.0
C12OOH56 2 805.774 7.106 0.0 0.0 0.0
C12OOH57 2 805.774 7.106 0.0 0.0 0.0
C12OOH58 2 805.774 7.106 0.0 0.0 0.0
C12OOH59 2 805.774 7.106 0.0 0.0 0.0
C12OOH62 2 805.774 7.106 0.0 0.0 0.0
C12OOH63 2 805.774 7.106 0.0 0.0 0.0
C12OOH64 2 805.774 7.106 0.0 0.0 0.0
C12OOH65 2 805.774 7.106 0.0 0.0 0.0
C12OOH67 2 805.774 7.106 0.0 0.0 0.0
C12OOH68 2 805.774 7.106 0.0 0.0 0.0
C12OOH69 2 805.774 7.106 0.0 0.0 0.0
C12OOH610 2 805.774 7.106 0.0 0.0 0.0
C12H25OOH-1 2 808.112 7.117 0.0 0.0 0.0
C12H25OOH-2 2 808.112 7.117 0.0 0.0 0.0
C12H25OOH-3 2 808.112 7.117 0.0 0.0 0.0
C12H25OOH-4 2 808.112 7.117 0.0 0.0 0.0
C12H25OOH-5 2 808.112 7.117 0.0 0.0 0.0
C12H25OOH-6 2 808.112 7.117 0.0 0.0 0.0
C12H24O12 2 765.561 6.902 0.0 0.0 0.0
C12H24O23 2 765.561 6.902 0.0 0.0 0.0
C12H24O34 2 765.561 6.902 0.0 0.0 0.0
C12H24O45 2 765.561 6.902 0.0 0.0 0.0
C12H24O56 2 765.561 6.902 0.0 0.0 0.0
C12H24O67 2 765.561 6.902 0.0 0.0 0.0
C12H24O13 2 765.561 6.902 0.0 0.0 0.0
C12H24O24 2 765.561 6.902 0.0 0.0 0.0
C12H24O35 2 765.561 6.902 0.0 0.0 0.0
C12H24O46 2 765.561 6.902 0.0 0.0 0.0
C12H24O57 2 765.561 6.902 0.0 0.0 0.0
C12H24O14 2 765.561 6.902 0.0 0.0 0.0
C12H24O25 2 765.561 6.902 0.0 0.0 0.0
C12H24O36 2 765.561 6.902 0.0 0.0 0.0
C12H24O47 2 765.561 6.902 0.0 0.0 0.0
C12H24O58 2 765.561 6.902 0.0 0.0 0.0
C12H24O15 2 765.561 6.902 0.0 0.0 0.0
C12H24O26 2 765.561 6.902 0.0 0.0 0.0
C12H24O37 2 765.561 6.902 0.0 0.0 0.0
C12H24O48 2 765.561 6.902 0.0 0.0 0.0
C11H22-1 2 690.539 6.508 0.0 0.0 0.0
NC9H19CHO 2 695.65 6.536 0.0 0.0 0.0
NC8H17CHO 2 658.72 6.336 0.0 0.0 0.0
NC7H15CHO 2 620.225 6.122 0.0 0.0 0.0
NC6H13CHO 2 579.916 5.893 0.0 0.0 0.0
C12OOH12O2 2 877.75 7.46 0.0 0.0 0.0
C12OOH13O2 2 877.75 7.46 0.0 0.0 0.0
C12OOH14O2 2 877.75 7.46 0.0 0.0 0.0
C12OOH15O2 2 877.75 7.46 0.0 0.0 0.0
C12OOH21O2 2 877.75 7.46 0.0 0.0 0.0
C12OOH23O2 2 877.75 7.46 0.0 0.0 0.0
C12OOH24O2 2 877.75 7.46 0.0 0.0 0.0
C12OOH25O2 2 877.75 7.46 0.0 0.0 0.0
C12OOH26O2 2 877.75 7.46 0.0 0.0 0.0
C12OOH31O2 2 877.75 7.46 0.0 0.0 0.0
C12OOH32O2 2 877.75 7.46 0.0 0.0 0.0
C12OOH34O2 2 877.75 7.46 0.0 0.0 0.0
C12OOH35O2 2 877.75 7.46 0.0 0.0 0.0
C12OOH36O2 2 877.75 7.46 0.0 0.0 0.0
C12OOH37O2 2 877.75 7.46 0.0 0.0 0.0
C12OOH41O2 2 877.75 7.46 0.0 0.0 0.0
C12OOH42O2 2 877.75 7.46 0.0 0.0 0.0
C12OOH43O2 2 877.75 7.46 0.0 0.0 0.0
C12OOH45O2 2 877.75 7.46 0.0 0.0 0.0
C12OOH46O2 2 877.75 7.46 0.0 0.0 0.0
C12OOH47O2 2 877.75 7.46 0.0 0.0 0.0
C12OOH48O2 2 877.75 7.46 0.0 0.0 0.0
C12OOH51O2 2 877.75 7.46 0.0 0.0 0.0
C12OOH52O2 2 877.75 7.46 0.0 0.0 0.0
C12OOH53O2 2 877.75 7.46 0.0 0.0 0.0
C12OOH54O2 2 877.75 7.46 0.0 0.0 0.0
C12OOH56O2 2 877.75 7.46 0.0 0.0 0.0
C12OOH57O2 2 877.75 7.46 0.0 0.0 0.0
C12OOH58O2 2 877.75 7.46 0.0 0.0 0.0
C12OOH59O2 2 877.75 7.46 0.0 0.0 0.0
C12OOH62O2 2 877.75 7.46 0.0 0.0 0.0
C12OOH63O2 2 877.75 7.46 0.0 0.0 0.0
C12OOH64O2 2 877.75 7.46 0.0 0.0 0.0
C12OOH65O2 2 877.75 7.46 0.0 0.0 0.0
C12OOH67O2 2 877.75 7.46 0.0 0.0 0.0
C12OOH68O2 2 877.75 7.46 0.0 0.0 0.0
C12OOH69O2 2 877.75 7.46 0.0 0.0 0.0
C12OOH610O2 2 877.75 7.46 0.0 0.0 0.0
C12KET1-2 2 840.051 7.276 0.0 0.0 0.0                    
C12KET1-3 2 840.051 7.276 0.0 0.0 0.0
C12KET1-4 2 840.051 7.276 0.0 0.0 0.0
C12KET1-5 2 840.051 7.276 0.0 0.0 0.0
C12KET2-1 2 840.051 7.276 0.0 0.0 0.0
C12KET2-3 2 840.051 7.276 0.0 0.0 0.0
C12KET2-4 2 840.051 7.276 0.0 0.0 0.0
C12KET2-5 2 840.051 7.276 0.0 0.0 0.0
C12KET2-6 2 840.051 7.276 0.0 0.0 0.0
C12KET3-1 2 840.051 7.276 0.0 0.0 0.0
C12KET3-2 2 840.051 7.276 0.0 0.0 0.0
C12KET3-4 2 840.051 7.276 0.0 0.0 0.0
C12KET3-5 2 840.051 7.276 0.0 0.0 0.0
C12KET3-6 2 840.051 7.276 0.0 0.0 0.0
C12KET3-7 2 840.051 7.276 0.0 0.0 0.0
C12KET4-1 2 840.051 7.276 0.0 0.0 0.0
C12KET4-2 2 840.051 7.276 0.0 0.0 0.0
C12KET4-3 2 840.051 7.276 0.0 0.0 0.0
C12KET4-5 2 840.051 7.276 0.0 0.0 0.0
C12KET4-6 2 840.051 7.276 0.0 0.0 0.0
C12KET4-7 2 840.051 7.276 0.0 0.0 0.0
C12KET4-8 2 840.051 7.276 0.0 0.0 0.0
C12KET5-1 2 840.051 7.276 0.0 0.0 0.0
C12KET5-2 2 840.051 7.276 0.0 0.0 0.0
C12KET5-3 2 840.051 7.276 0.0 0.0 0.0
C12KET5-4 2 840.051 7.276 0.0 0.0 0.0
C12KET5-6 2 840.051 7.276 0.0 0.0 0.0
C12KET5-7 2 840.051 7.276 0.0 0.0 0.0
C12KET5-8 2 840.051 7.276 0.0 0.0 0.0
C12KET5-9 2 840.051 7.276 0.0 0.0 0.0
C12KET6-2 2 840.051 7.276 0.0 0.0 0.0
C12KET6-3 2 840.051 7.276 0.0 0.0 0.0
C12KET6-4 2 840.051 7.276 0.0 0.0 0.0
C12KET6-5 2 840.051 7.276 0.0 0.0 0.0
C12KET6-7 2 840.051 7.276 0.0 0.0 0.0
C12KET6-8 2 840.051 7.276 0.0 0.0 0.0
C12KET6-9 2 840.051 7.276 0.0 0.0 0.0
C12KET6-10 2 840.051 7.276 0.0 0.0 0.0
NC10H21CHO 2 731.211 6.724 0.0 0.0 0.0
NC10H21CO 2 728.697 6.71 0.0 0.0 0.0
C3H6COCH3-1 2 489.084 5.348 0.0 0.0 0.0
C9H19COCH2 2 728.697 6.71 0.0 0.0 0.0
NC9H19CO 2 693.043 6.522 0.0 0.0 0.0
C2H5COC2H4P 2 489.084 5.348 0.0 0.0 0.0
C3H6COC2H5-1 2 534.323 5.625 0.0 0.0 0.0
C8COC2H4P 2 728.697 6.71 0.0 0.0 0.0
C8H17COCH2 2 693.043 6.522 0.0 0.0 0.0
NC8H17CO 2 656.008 6.321 0.0 0.0 0.0
NC3H7COC2H4P 2 534.323 5.625 0.0 0.0 0.0
C3COC3H6P 2 576.942 5.876 0.0 0.0 0.0
C7COC3H6P 2 728.697 6.71 0.0 0.0 0.0
C7COC2H4P 2 693.043 6.522 0.0 0.0 0.0
C7H15COCH2 2 656.008 6.321 0.0 0.0 0.0
NC7H15CO 2 617.392 6.107 0.0 0.0 0.0
NC4H9CO 2 489.084 5.348 0.0 0.0 0.0
NC4H9COCH2 2 534.323 5.625 0.0 0.0 0.0
C4COC2H4P 2 576.942 5.876 0.0 0.0 0.0
C4COC3H6P 2 617.392 6.107 0.0 0.0 0.0
C6COC3H6P 2 693.043 6.522 0.0 0.0 0.0
C6COC2H4P 2 656.008 6.321 0.0 0.0 0.0
C6H13COCH2 2 617.392 6.107 0.0 0.0 0.0
NC6H13CO 2 576.942 5.876 0.0 0.0 0.0
NC5H11CO 2 534.323 5.625 0.0 0.0 0.0
C5H11COCH2 2 576.942 5.876 0.0 0.0 0.0
C5COC2H4P 2 617.392 6.107 0.0 0.0 0.0
C5COC3H6P 2 656.008 6.321 0.0 0.0 0.0
C2H5COC2H3 2 485.716 5.327 0.0 0.0 0.0
NC3H7COC2H3 2 531.165 5.606 0.0 0.0 0.0
NC3H7CHCO 2 485.716 5.327 0.0 0.0 0.0
NC4H9COC2H3 2 573.956 5.858 0.0 0.0 0.0
NC4H9CHCO 2 531.165 5.606 0.0 0.0 0.0
C5H11COC2H3 2 614.55 6.091 0.0 0.0 0.0
C5H11CHCO 2 573.956 5.858 0.0 0.0 0.0
C7H131-3 2 528.126 5.587 0.0 0.0 0.0
C7H131-4 2 528.126 5.587 0.0 0.0 0.0
C7H131-5 2 528.126 5.587 0.0 0.0 0.0
C7H131-6 2 528.126 5.587 0.0 0.0 0.0
C4H8CHO-1 2 489.084 5.348 0.0 0.0 0.0
C4H8CHO-2 2 489.084 5.348 0.0 0.0 0.0
C4H8CHO-3 2 489.084 5.348 0.0 0.0 0.0
C4H8CHO-4 2 489.084 5.348 0.0 0.0 0.0
C11H21 2 687.919 6.494 0.0 0.0 0.0
PXC2H4COC2H3 2 482.331 5.306 0.0 0.0 0.0
SXC2H4COC2H3 2 482.331 5.306 0.0 0.0 0.0
CH2CCH2OOH 2 481.5 4.997 1.7 0.0 1.0
CH2CCHCH2CHCH2 2 786.25 5.72 0.0 0.0 0.0
C3H4O1-2 2 428.8 4.958 2.9 0.0 1.0
NC4H9OH 2 432.9 5.3 0.0 0.0 1.0
NC6H14 2 427.4 5.946 0.0 0.0 1.0
C6H111OO2-5 2 460.179 6.011 0.0 12.39 1.0
C6H11O1-2O-5 2 460.179 6.011 0.0 12.39 1.0
C6H101OOH5-3 2 460.179 6.011 0.0 12.39 1.0
C6H101OOH5-4 2 460.179 6.011 0.0 12.39 1.0
I3C7D1 2 457.8 6.173 0.3 0.0 1.0
I3C7D1-3 2 457.8 6.173 0.3 0.0 1.0
I3C7D1-3O 2 511.5 6.297 0.0 0.0 1.0
C7H14-2 2 457.8 6.173 0.3 0.0 1.0
C7H132-4 2 457.8 6.173 0.3 0.0 1.0
C7H132-5 2 457.8 6.173 0.3 0.0 1.0
C6H5CH3 2 495.3 5.68 0.43 12.3 1.0
C6H5CH2 2 495.3 5.68 0.0 0.0 1.0
C7H6 2 444.642 5.89 0.0 0.0 0.0
C7H5 2 458.333 6.04 0.0 0.0 0.0
C6H5CHO 2 622.4 5.53 0.0 0.0 1.0
C6H5CO 2 622.4 5.53 0.0 0.0 1.0
HOC6H4CH3 2 621.1 5.64 0.0 0.0 1.0
HOC6H4CH2 2 621.1 5.64 0.0 0.0 1.0
OC6H4CH3 2 621.1 5.64 0.0 0.0 1.0
C6H5CH2OH 2 622.4 5.53 0.0 0.0 1.0
C6H5CH2O 2 622.4 5.53 0.0 0.0 1.0
C6H5C2H 2 433.093 5.8 0.0 13.42 1.0
IND 2 521.551 6.78 0.0 0.0 0.0
C10H10 2 546.732 7.2 0.0 0.0 0.0
C9H6O 2 587.935 6.98 0.0 0.0 0.0
!!Dooley[dat]
ME2J 2 496.0 5.2 0.0 0.0 1.0
!!Dooley[dat]
ME2DO 2 523.6 5.96 0.0 0.0 1.0
!!Dooley[dat]
MP2D2J 2 357.1 4.72 0.0 0.0 1.0
!!Dooley[dat]
MP2D3J 2 468.5 5.23 0.0 0.0 1.0
!!Dooley[dat]
MP2DMJ 2 357.1 4.72 0.0 0.0 1.0
!!Dooley[dat]
MP2D 2 430.1 5.833 0.0 0.0 1.0
!!Dooley[dat]
BAOJ 2 430.1 5.833 0.0 0.0 1.0
!!Dooley[dat]
MB2D 2 468.5 5.23 0.0 0.0 1.0
!!Dooley[dat]
MB2J 2 468.5 5.23 0.0 0.0 1.0
!!Dooley[dat]
MBMJ 2 468.5 5.23 0.0 0.0 1.0
!!Dooley[dat]
MB3J 2 468.5 5.23 0.0 0.0 1.0
!!Dooley[dat]
MB3O 2 523.6 5.96 0.0 0.0 1.0
!!Dooley[dat]
MB4J 2 468.5 5.23 0.0 0.0 1.0
!!Dooley[dat]
MB-C5H10O2 2 468.0 2.05 0.0 0.0 0.0
!!Dooley[dat]
MP3J 2 430.1 5.833 0.0 0.0 1.0
!!Dool+Adit[dat]
MBMDO 2 585.588 5.926 0.0 0.0 1.0
!!Dool+Adit[dat]
MB4DO 2 585.588 5.926 0.0 0.0 1.0
!!Gail[dat]
MB2OO 2 523.2 5.664 1.7 0.0 1.0
!!Gail[dat]
MB3OO 2 523.2 5.664 1.7 0.0 1.0
!!Gail[dat]
MB4OO 2 523.2 5.664 1.7 0.0 1.0
!!Gail[dat]
MBMOO 2 523.2 5.664 1.7 0.0 1.0
!!Gail[dat]
MB2OOH4J 2 523.2 5.664 1.7 0.0 1.0
!!Gail[dat]
MB3OOH2J 2 523.2 5.664 1.7 0.0 1.0
MB3OOHMJ 2 635.008 7.159 0.0 0.0 0.0
!!Gail[dat]
MB4OOH3J 2 494.8 6.174 1.8 0.0 1.0
!!Gail[dat]
MB4OOH2J 2 498.6 6.009 2.0 0.0 1.0
MBMOOH3J 2 635.008 7.159 0.0 0.0 0.0
!!Gail[dat]
MBMOOH2J 2 523.2 5.664 1.7 0.0 1.0
MBMOOH4J 2 633.904 6.199 0.0 0.0 0.0
!!Dool+Adit[dat]
MB3D 2 428.728 5.766 0.0 0.0 1.0
!!Gail[dat]
MBCY3O2 2 494.8 6.174 1.8 0.0 1.0
!!Gail[dat]
MBCY4O3 2 494.8 6.174 1.8 0.0 1.0
!!Gail[dat]
MBCY4O2 2 494.8 6.174 1.8 0.0 1.0
!!Gail[dat]
MBCY2OM 2 494.8 6.174 1.8 0.0 1.0
NC3H7COOO 2 546.562 5.698 0.0 0.0 0.0
NC3H7COOOH 2 549.655 5.716 0.0 0.0 0.0
CHOCO2J 2 436.0 3.97 0.0 0.0 0.0
MBMOOH3O2 2 718.267 6.656 0.0 0.0 0.0
MBMOOH4O2 2 718.267 6.656 0.0 0.0 0.0
MB2OOH4O2 2 721.174 7.899 0.0 0.0 0.0
MB3OOHMO2 2 718.267 6.656 0.0 0.0 0.0
MB4OOH2O2 2 721.174 7.899 0.0 0.0 0.0
MB4OOHMO2 2 718.267 6.656 0.0 0.0 0.0
MBKET42 2 676.324 7.516 0.0 0.0 0.0
MBKET3M 2 674.38 6.421 0.0 0.0 0.0
MBKET24 2 676.324 7.516 0.0 0.0 0.0
MBKETM4 2 674.38 6.421 0.0 0.0 0.0
MBKET4M 2 674.38 6.421 0.0 0.0 0.0
MB3DMOOH 2 631.116 6.183 0.0 0.0 0.0
MP2DO3J 2 540.337 5.66 0.0 0.0 0.0
BAOJ3DO 2 540.337 5.66 0.0 0.0 0.0
MPMDO3J 2 540.337 5.66 0.0 0.0 0.0
BAOJ4DO 2 540.337 5.66 0.0 0.0 0.0
!!Gail[dat]
MB2OOH3J 2 523.2 5.664 1.7 0.0 1.0
!!Gail[dat]
MB3OOH4J 2 523.2 5.664 1.7 0.0 1.0
MB3DO 2 585.588 5.926 0.0 0.0 0.0
!!Dooley[dat]
CHOOCO 2 395.0 4.037 1.3 0.0 1.0
MBMJDO 2 582.634 5.909 0.0 0.0 0.0
!!Gail[dat]
MB2DMJ 2 494.8 6.174 1.8 0.0 1.0
!!Gail[dat]
MB2D4J 2 523.2 5.664 1.7 0.0 1.0
!!Gail[dat]
BAOJ2D 2 357.0 5.176 0.0 0.0 1.0
!!Gail[dat]
CH2CHCHCO 2 435.2 4.662 2.7 0.0 1.0
!!Chemkin[dat]
MP2T 2 418.3 5.1 0.0 0.0 1.0
CH3COCH 2 320.445 5.36 0.0 0.0 0.0
CY(CCCOO) 2 431.4 4.6 0.0 0.0 1.0
CY(CCO)CO 2 454.0 4.7 0.0 0.0 1.0
CHCCH2CH2CHCH2 2 786.25 5.72 0.0 0.0 0.0
FURAN 2 428.2 4.7 0.0 0.0 1.0
C4H5O-3 2 427.2 4.8 0.0 0.0 1.0
C6H101O4-5 2 424.439 5.732 0.0 11.65 1.0
I3C6D3-1 2 390.293 5.457 0.0 11.25 1.0
I3C6D3-2 2 390.293 5.457 0.0 11.25 1.0
I3C6D13 2 387.892 5.437 0.0 11.08 1.0
C7H14-3 2 457.8 6.173 0.3 0.0 1.0
C7H133-6 2 457.8 6.173 0.3 0.0 1.0
BZCOOH 2 572.0 5.82 1.7 0.0 1.0
C6H5CH2OO 2 572.0 5.82 1.7 0.0 1.0
C6H4CH3 2 495.3 5.68 0.0 0.0 1.0
C6H5C2H3 2 546.2 6.0 0.13 15.0 1.0
C6H5CCH2 2 546.2 6.0 0.0 0.0 1.0
C6H5CHCH 2 546.2 6.0 0.0 0.0 1.0
C9H7 2 521.551 6.78 0.0 0.0 0.0
!!Dooley[dat]
MB2O 2 523.6 5.96 0.0 0.0 1.0
MB4OOHMJ 2 633.904 6.199 0.0 0.0 0.0
MBCY3OM 2 585.588 5.926 0.0 0.0 0.0
MMCYMOO1 2 505.266 5.448 0.0 0.0 0.0
!!Gail[dat]
MB2D2J 2 386.2 5.489 0.4 0.0 1.0
!!Gail[dat]
MB2D3J 2 523.2 5.664 1.7 0.0 1.0
!!Gail[dat]
CJHCHCHCO 2 443.2 4.12 0.0 0.0 1.0
IC5D1T3 1 408.0 5.2 0.0 0.0 1.0
IC5D1T3-1V 1 408.0 5.2 0.0 0.0 1.0
IC5D1T3-4J 1 408.0 5.2 0.0 0.0 1.0
C4H61KET43 2 543.609 5.522 0.0 0.0 1.0
C14H12O 2 672.946 8.37 0.0 0.0 0.0
C14H13 2 783.8 6.64 0.0 0.0 1.0
C14H12 2 772.0 6.96 0.0 0.0 1.0
C14H11 2 772.0 6.96 0.0 0.0 1.0
!!Gail[dat]
MBMO 2 494.8 6.174 1.8 0.0 1.0
!!Gail[dat]
MB4O 2 523.2 5.664 1.7 0.0 1.0
!!Gail[dat]
MB3OOH 2 523.2 5.664 1.7 0.0 1.0
!!Gail[dat]
MB4OOH 2 498.6 6.009 2.0 0.0 1.0
!!Gail[dat]
C2H5COCO 2 395.0 4.037 1.3 0.0 1.0
COCO 2 383.705 4.659 0.0 0.0 0.0
!!Chemkin[dat]
MB2D4OJ 2 512.4 5.6 0.0 0.0 1.0
!!Chemkin[dat]
SC3H3CO 2 419.8 5.0 0.0 0.0 1.0
!!Chemkin[dat]
MB2,3DMJ 2 446.3 5.4 0.0 0.0 1.0
!!Gail[dat]
C5H7O2 2 266.8 4.982 0.0 0.0 1.0
!!WJP[dat]
MP2J 2 523.2 5.664 1.7 0.0 1.0
!!Chemkin[dat]
MB2D4OOJ 2 529.7 5.7 0.0 0.0 1.0
!!Chemkin[dat]
MB2,3D 2 446.3 5.4 0.0 0.0 1.0
!!Chemkin[dat]
MB2D4OOHMJ 2 529.7 5.7 0.0 0.0 1.0
!!Chemkin[dat]
MB2D4OOHMO2 2 615.5 5.9 0.0 0.0 1.0
!!Chemkin[dat]
MB2DKET4M 2 572.1 5.8 0.0 0.0 1.0
!!Chemkin[dat]
BAOJ2D4DO 2 548.0 5.6 0.0 0.0 1.0
!!Chemkin[dat]
MB2DMOOJ 2 529.7 5.7 0.0 0.0 1.0
!!Chemkin[dat]
MB2D4OOH3J 2 529.7 5.7 0.0 0.0 1.0
C2H3COOH 2 478.4 5.2 0.0 0.0 1.0
AC5H10OOH-B 2 546.691 5.698 0.0 0.0 0.0
IC6D1 2 392.68 5.476 0.0 11.42 1.0
IC6D1-1A 2 390.293 5.457 0.0 11.25 1.0
C6H5C2H5 2 523.6 5.96 0.0 0.0 1.0
CH3CHOOHCHCO 2 432.985 5.8 0.0 9.09 1.0
OVCCVCCJVO 2 390.084 5.455 0.0 8.01 1.0
C5H82KET45 2 462.137 6.026 0.0 10.94 1.0
C6H13O2-2 2 588.653 5.943 0.0 0.0 0.0
!!Chemkin[dat]
OCHCHCHCJO 2 463.9 5.3 0.0 0.0 1.0
C6H101OOH5-3O2 2 520.972 6.465 0.0 13.53 1.0
NC6D1KET53 2 489.575 6.233 0.0 12.79 1.0
C2H3CHOHOJ 2 487.7 4.9 0.0 0.0 1.0
SC4H7OH-IP 2 855.2 6.03 0.0 0.0 0.0
SC4H7O-I 2 987.2 6.72 0.0 0.0 0.0
CH3CHCCO 2 445.2 4.8 0.0 0.0 1.0
OVCCVCVO 2 357.847 5.186 0.0 6.33 1.0
C7H133-5 2 457.8 6.173 0.3 0.0 1.0
OC6H4CH2 2 510.841 6.26 0.0 0.0 0.0
C6H5CHOH 2 622.4 5.53 0.0 0.0 1.0
NAPHO 2 609.28 7.59 0.0 0.0 0.0
!!Gail[dat]
MB2OOHMJ 2 523.2 5.664 1.7 0.0 1.0
!!Chemkin[dat]
MP2D3OH 2 495.4 5.3 0.0 0.0 1.0
!!Chemkin[dat]
MP2D3OHMJ 2 495.4 5.3 0.0 0.0 1.0
!!Chemkin[dat]
OHCHCHCJO 2 465.9 4.9 0.0 0.0 1.0
!!Chemkin[dat]
OCJCHCO 2 403.4 4.6 0.0 0.0 1.0
!!Chemkin[dat]
MP2D3OJ 2 495.4 5.3 0.0 0.0 1.0
!!Chemkin[dat]
MB2M3J 2 454.4 5.9 0.0 0.0 1.0
!!Chemkin[dat]
MB2DMOOH4J 2 529.7 5.7 0.0 0.0 1.0
!!Chemkin[dat]
MB2DMOOH4O2 2 615.5 5.9 0.0 0.0 1.0
!!Chemkin[dat]
MB2D4OOH2J 2 529.7 5.7 0.0 0.0 1.0
!!Chemkin[dat]
MB2D4OOH2O2 2 617.2 5.9 0.0 0.0 1.0
!!Chemkin[dat]
MB2DKET42 2 574.4 5.8 0.0 0.0 1.0
CH3C(OH)CH 2 417.3 4.8 0.0 0.0 1.0
!!Chemkin[dat]
MB3M2J 2 454.4 5.9 0.0 0.0 1.0
!!Chemkin[dat]
MB3M3J 2 454.4 5.9 0.0 0.0 1.0
!!Chemkin[dat]
MB2DCY4O2 2 493.4 5.4 0.0 0.0 1.0
CH3CHOCHCO 2 921.7 6.18 0.0 0.0 0.0
!!Chemkin[dat]
MB2D4JMDO 2 477.2 5.6 0.0 0.0 1.0
!!Chemkin[dat]
C5H7O2MDO 2 466.9 5.6 0.0 0.0 1.0
IC4H7-I1OO 2 481.5 4.997 1.7 0.0 1.0
IC6D1-5 2 390.293 5.457 0.0 11.25 1.0
IC6D14 2 387.892 5.437 0.0 11.08 1.0
HOC6H4CHO 2 621.1 5.64 0.0 0.0 1.0
HOC6H4CO 2 621.1 5.64 0.0 0.0 1.0
HOC6H4CH2OO 2 621.1 5.64 0.0 0.0 1.0
ME2DOMJ 2 495.492 5.388 0.0 0.0 0.0
MEMDO2J 2 495.492 5.388 0.0 0.0 0.0
MB4JDO 2 582.634 5.909 0.0 0.0 0.0
MECY2OM 2 498.811 5.409 0.0 0.0 0.0
MMMOOH1J 2 508.539 5.468 0.0 0.0 0.0
!!Dool+Adit[dat]
C2H3CO2 2 440.433 5.039 0.0 0.0 1.0
MBCY4OM 2 585.588 5.926 0.0 0.0 0.0
HCOCO 2 387.695 4.686 0.0 0.0 0.0
MEMOOH2J 2 552.607 5.733 0.0 0.0 0.0
C2H4CHO 2 387.86 4.687 0.0 0.0 0.0
MPMDO2D 2 537.205 5.642 0.0 0.0 0.0
MPMJDO2D 2 534.06 5.623 0.0 0.0 0.0
!!Chemkin[dat]
MP2D3JMDO 2 449.6 5.3 0.0 0.0 1.0
!!Chemkin[dat]
MB2DKETM4 2 560.7 5.8 0.0 0.0 1.0
!!Chemkin[dat]
MB2DCY4OM 2 519.8 5.3 0.0 0.0 1.0
!!Chemkin[dat]
MB3D3J 2 434.1 5.5 0.0 0.0 1.0
MBOJ3OOH 2 593.3 5.9 0.0 0.0 1.0
MBOH3OOJ 2 593.3 5.9 0.0 0.0 1.0
MBOH-3J 2 505.4 5.7 0.0 0.0 1.0
C5H7O3-B 2 505.4 5.6 0.0 0.0 1.0
MB1D3OOH 2 522.8 5.7 0.0 0.0 1.0
C3H4O3 2 444.0 5.1 0.0 0.0 1.0
MB3J2O 2 486.8 5.7 0.0 0.0 1.0 
C5H7O3-A 2 512.4 5.6 0.0 0.0 1.0
MB3D1OOH 2 529.7 5.7 0.0 0.0 1.0
MB2J4O 2 478.6 5.7 0.0 0.0 1.0
MBOH-2J 2 505.4 5.7 0.0 0.0 1.0
MBOH2OOJ 2 593.3 5.9 0.0 0.0 1.0
C4H4O13 2 432.8 4.8 0.0 0.0 1.0
MBOJ2OOH 2 593.3 5.9 0.0 0.0 1.0
C5H10-3OH2 2 480.6 5.6 0.0 0.0 1.0
MC4H7AO2 2 463.4 5.3 0.0 0.0 1.0
AC3H6O2 2 397.2 5.0 0.0 0.0 1.0
MC3H6-OH 2 435.7 4.9 0.0 0.0 1.0
MP1J 2 415.7 5.3 0.0 0.0 1.0
